mass_B
t	x	y
0.000	-0.095	-2.182
0.033	0.139	-2.315
0.067	0.092	-2.363
0.100	0.114	-2.317
0.133	0.099	-2.195
0.167	0.204	-2.104
0.200	0.198	-1.959
0.233	0.145	-1.880
0.267	0.227	-1.683
0.300	0.362	-1.806
0.333	0.557	-1.702
0.367	0.578	-1.743
0.400	0.741	-1.546
0.433	0.732	-1.491
0.467	0.830	-1.500
0.500	0.966	-1.557
0.533	0.975	-1.732
0.566	1.097	-1.613
0.600	1.157	-1.793
0.633	1.443	-2.027
0.666	1.555	-2.247
0.700	1.703	-2.209
0.733	1.757	-2.344
0.766	1.905	-2.381
0.800	1.806	-2.302
0.833	1.962	-2.285
0.866	2.060	-2.187
0.900	2.229	-2.087
0.933	2.461	-1.890
0.966	2.623	-1.922
1.000	2.931	-1.780
1.033	3.017	-1.800
1.066	3.324	-1.637
1.100	3.488	-1.578
1.133	3.841	-1.434
1.166	4.006	-1.357
1.200	4.193	-1.317
1.233	4.529	-1.205
1.266	4.838	-1.216
1.300	5.152	-1.234
1.333	5.389	-1.243
1.366	5.559	-1.339
1.400	5.933	-1.441
1.433	6.268	-1.476
1.466	6.522	-1.753
1.500	6.799	-1.852
1.533	7.021	-2.028
1.566	7.464	-2.214
1.599	7.833	-2.291
1.633	7.956	-2.321
1.666	8.250	-2.394
1.699	8.587	-2.366
1.733	8.745	-2.416
1.766	9.071	-2.398
1.799	9.361	-2.362
1.833	9.694	-2.273
1.866	10.021	-2.228
1.899	10.322	-2.181
1.933	10.819	-2.033
1.966	11.149	-1.992
1.999	11.630	-1.876
2.033	11.897	-1.760
2.066	12.209	-1.723
2.099	12.692	-1.612
2.133	13.062	-1.548
2.166	13.447	-1.550
2.199	13.842	-1.550
2.233	14.219	-1.552
2.266	14.629	-1.562
2.299	14.991	-1.579
2.333	15.440	-1.586
2.366	15.955	-1.625
2.399	16.415	-1.675
2.433	16.757	-1.825
2.466	17.334	-1.960
2.499	17.816	-2.009
2.532	18.335	-2.108
2.566	18.645	-2.223
2.599	19.271	-2.175
2.632	19.660	-2.342
2.666	20.149	-2.381
2.699	20.651	-2.446
2.732	21.035	-2.517
2.766	21.643	-2.394
2.799	21.924	-2.594
2.832	22.436	-2.601
2.866	22.940	-2.609
2.899	23.458	-2.599
2.932	23.939	-2.552
2.966	24.779	-2.309
2.999	25.039	-2.422
3.032	25.476	-2.328
3.066	26.168	-2.232
3.099	26.577	-2.174
3.132	27.527	-1.884
3.166	27.717	-1.949
3.199	28.495	-1.806
3.232	28.929	-1.763
3.266	29.386	-1.728
3.299	30.266	-1.598
3.332	30.678	-1.550
3.366	31.144	-1.496
3.399	32.079	-1.412
3.432	32.700	-1.327
3.466	33.168	-1.369
3.499	33.738	-1.382
3.532	34.394	-1.389
3.565	35.066	-1.418
3.599	35.818	-1.394
3.632	36.340	-1.454
3.665	37.043	-1.488
3.699	37.712	-1.532
3.732	38.535	-1.511
3.765	39.185	-1.629
3.799	39.888	-1.634
3.832	40.272	-1.780
3.865	41.069	-1.758
3.899	41.639	-1.947
3.932	42.427	-1.943
3.965	43.224	-1.965
3.999	44.055	-2.035
4.032	44.768	-2.009
4.065	45.221	-2.131
4.099	46.014	-2.203
4.132	46.778	-2.237
4.165	47.482	-2.254
4.199	48.170	-2.081
4.232	49.001	-2.080
4.265	49.601	-2.071
4.299	50.294	-2.079
4.332	51.328	-1.948
4.365	51.915	-1.987
4.399	53.000	-1.961
4.432	53.448	-1.873
4.465	54.494	-1.737
4.498	55.049	-1.728
4.532	55.857	-1.687
4.565	57.080	-1.522
4.598	57.794	-1.446
4.632	58.548	-1.359
4.665	59.112	-1.292
4.698	60.308	-1.113
4.732	60.662	-0.959
4.765	61.600	-1.008
4.798	62.632	-0.888
4.832	63.672	-0.819
4.865	64.918	-0.699
4.898	65.602	-0.665
4.932	66.271	-0.654
4.965	66.947	-0.649
4.998	68.314	-0.494
5.032	68.824	-0.553
5.065	70.100	-0.450
5.098	70.472	-0.756
5.132	71.828	-0.543
5.165	72.525	-0.575
5.198	73.435	-0.586
5.232	74.197	-0.636
5.265	75.125	-0.661
5.298	75.761	-0.774
5.332	76.629	-0.832
5.365	77.543	-1.014
5.398	78.508	0.068
5.432	79.244	-1.173
5.465	80.370	-1.360
5.498	81.345	-0.127
5.531	82.214	-0.168
5.565	83.231	-0.204
5.598	84.225	-0.255
5.631	85.075	-0.338
5.665	86.103	-0.431
5.698	87.073	-0.431
5.731	88.110	-0.471
5.765	89.156	-0.507
5.798	90.164	-0.628
5.831	91.171	-0.674
5.865	92.223	-0.716
5.898	93.231	-0.768
5.931	94.271	-0.741
5.965	95.276	-0.649
5.998	96.339	-0.722
6.031	97.391	-0.763
6.065	98.583	-0.768
6.098	99.673	-0.776
6.131	100.708	-0.787
6.165	101.796	-0.789
6.198	102.894	-0.772
6.231	103.914	-0.764
6.265	105.045	-0.681
6.298	106.128	-0.655
6.331	107.218	-0.592
6.365	108.353	-0.584
6.398	109.506	-0.534
6.431	110.597	-0.517
6.465	111.745	-0.420
6.498	112.877	-2.041
6.531	114.010	-0.257
6.564	115.171	-0.179
6.598	116.340	-0.016
6.631	117.446	-0.002
6.664	118.624	0.059
6.698	119.761	0.151
6.731	120.980	0.273
6.764	122.150	0.312
6.798	123.325	0.387
6.831	124.507	0.424
6.864	125.768	0.508
6.898	126.892	0.577
6.931	128.123	0.700
6.964	129.306	0.821
6.998	130.563	0.791
7.031	131.790	0.767
7.064	133.006	0.749
7.098	134.272	0.819
7.131	135.561	0.886
7.164	136.835	1.008
7.198	137.897	0.978
7.231	139.207	0.989
7.264	140.165	1.046
7.298	141.379	1.117
7.331	142.482	1.118
7.364	144.009	1.337
7.398	145.510	1.362
7.431	146.517	1.285
7.464	147.922	1.204
7.498	148.600	1.444
7.531	149.910	1.451
7.564	151.357	1.210
7.597	152.157	1.246
7.631	150.752	1.390
7.664	149.436	1.350
7.697	148.285	1.341
7.731	146.243	1.477
7.764	145.595	1.442
7.797	144.307	1.486
7.831	143.676	1.523
7.864	141.669	1.776
7.897	139.952	1.943
7.931	138.664	1.780
7.964	137.271	2.102
7.997	136.309	2.347
8.031	135.655	2.442
8.064	134.576	2.716
8.097	133.762	2.896
8.131	132.607	3.052
8.164	131.320	3.595
8.197	130.307	3.717
8.231	129.115	3.767
8.264	128.257	4.063
8.297	126.616	4.471
8.331	125.229	4.740
8.364	123.986	4.623
8.397	122.759	4.819
8.431	121.579	4.755
8.464	120.387	5.050
8.497	118.902	5.696
8.530	118.293	5.706
8.564	117.219	5.929
8.597	115.923	6.040
8.630	115.043	6.186
8.664	113.897	6.265
8.697	112.775	6.313
8.730	111.728	6.472
8.764	110.736	6.511
8.797	109.610	6.559
8.830	108.333	6.506
8.864	107.266	6.415
8.897	106.315	6.344
8.930	105.367	6.329
8.964	104.265	6.294
8.997	103.243	6.133
9.030	102.208	6.022
9.064	101.138	5.822
9.097	100.057	5.080
9.130	99.270	4.940
9.164	98.218	4.745
9.197	97.117	4.529
9.230	96.221	4.270
9.264	95.393	3.993
9.297	94.434	3.752
9.330	93.462	3.499
9.364	92.304	3.175
9.397	91.323	2.860
9.430	90.671	2.564
9.464	89.861	2.296
9.497	88.904	2.175
9.530	87.486	1.768
9.563	86.514	1.283
9.597	85.841	1.301
9.630	85.277	1.156
9.663	83.838	0.783
9.697	82.890	0.618
9.730	82.076	0.479
9.763	81.354	0.565
9.797	80.361	0.566
9.830	79.540	0.559
9.863	79.145	0.028
9.897	78.125	0.042
9.930	76.824	0.449
9.963	76.317	0.552
9.997	74.462	0.193
10.030	73.571	0.223
10.063	72.830	0.371
10.097	72.474	0.820
10.130	71.680	0.992
10.163	70.967	1.197
10.197	70.206	1.381
10.230	69.413	1.535
10.263	68.633	1.768
10.297	67.922	1.981
10.330	67.186	2.222
10.363	66.540	2.507
10.397	65.811	2.769
10.430	65.052	3.063
10.463	64.147	3.227
10.496	63.854	3.430
10.530	63.126	3.709
10.563	62.194	3.954
10.596	61.470	4.065
10.630	60.729	4.252
10.663	60.174	4.331
10.696	59.502	4.487
10.730	58.831	4.601
10.763	58.173	4.637
10.796	57.510	4.629
10.830	56.838	4.594
10.863	56.277	4.596
10.896	55.415	4.411
10.930	54.869	4.343
10.963	54.168	4.158
10.996	53.528	3.944
11.030	53.007	3.818
11.063	52.237	3.554
11.096	51.711	3.313
11.130	51.108	3.022
11.163	50.266	2.682
11.196	49.959	2.822
11.230	49.574	2.251
11.263	48.532	1.567
11.296	48.422	1.499
11.330	48.152	1.304
11.363	47.280	1.152
11.396	46.373	0.823
11.430	45.337	0.668
11.463	45.531	0.633
11.496	45.147	0.510
11.529	44.541	0.112
11.563	44.067	-0.149
11.596	43.405	0.459
11.629	43.221	0.272
11.663	42.516	0.170
11.696	42.334	0.162
11.729	41.677	0.414
11.763	41.188	0.747
11.796	40.647	1.063
11.829	40.670	1.193
11.863	39.732	1.470
11.896	39.096	1.825
11.929	38.056	1.717
11.963	37.625	2.093
11.996	37.393	2.259
12.029	37.262	2.379
12.063	36.703	2.883
12.096	35.991	3.074
12.129	35.400	3.505
12.163	34.874	4.097
12.196	34.535	4.007
12.229	34.626	4.008
12.263	33.605	3.802
12.296	33.285	4.289
12.329	32.757	4.225
12.363	32.305	4.558
12.396	32.690	4.337
12.429	31.737	4.302
12.463	31.640	4.301
12.496	31.072	4.173
12.529	30.653	3.965
12.562	30.229	3.518
12.596	29.669	3.357
12.629	29.221	3.223
12.662	29.207	2.921
12.696	28.713	2.310
12.729	28.952	1.836
12.762	28.674	2.235
12.796	28.304	1.949
12.829	27.983	1.794
12.862	27.698	1.679
12.896	27.543	1.901
12.929	26.978	0.515
12.962	26.825	0.833
12.996	26.555	0.867
13.029	26.875	0.750
13.062	26.339	0.407
13.096	26.261	0.400
13.129	25.923	0.277
13.162	25.218	0.879
13.196	24.467	0.898
13.229	24.312	1.382
13.262	24.300	1.605
13.296	24.241	1.643
13.329	23.761	2.124
13.362	23.722	2.427
13.396	23.651	2.587
13.429	23.051	2.768
13.462	23.509	3.333
13.495	23.509	3.376
13.529	22.959	3.790
13.562	22.795	3.705
13.595	22.245	3.532
13.629	21.987	3.577
13.662	21.866	3.689
13.695	21.871	3.695
13.729	21.761	3.889
13.762	21.422	3.824
13.795	21.112	3.472
13.829	21.266	2.665
13.862	21.489	2.261
13.895	21.491	2.017
13.929	21.405	1.979
13.962	21.278	1.958
13.995	21.174	1.539
14.029	21.013	1.592
14.062	20.696	1.225
14.095	20.605	0.929
14.129	20.705	0.567
14.162	20.641	0.475
14.195	20.579	0.304
14.229	20.446	0.223
14.262	20.415	0.144
14.295	20.406	0.091
14.329	20.253	0.264
14.362	20.270	0.213
14.395	20.118	0.460
14.429	20.087	0.851
14.462	20.115	1.166
14.495	20.157	1.544
14.528	20.206	1.939
14.562	20.155	2.286
14.595	20.104	2.645
14.628	20.182	2.947
14.662	20.187	3.272
14.695	20.184	3.507
14.728	20.155	3.749
14.762	20.156	3.977
14.795	19.845	4.087
14.828	20.144	4.230
14.862	20.123	4.477
14.895	20.174	4.463
14.928	20.361	4.429
14.962	20.166	4.237
14.995	20.095	3.749
15.028	20.100	3.495
15.062	20.381	3.251
15.095	20.731	2.928
15.128	20.622	2.662
15.162	20.758	2.297
15.195	20.932	1.970
15.228	21.015	1.677
15.262	21.228	1.389
15.295	21.315	1.129
15.328	21.429	0.785
15.362	21.603	0.560
15.395	21.744	0.425
15.428	21.856	0.370
15.462	22.001	0.376
15.495	22.103	0.395
15.528	22.271	0.441
15.561	22.622	1.784
15.595	23.070	0.409
15.628	23.251	0.677
15.661	23.465	1.051
15.695	23.210	1.516
15.728	23.448	1.929
15.761	23.713	2.303
15.795	23.848	2.663
15.828	24.004	3.007
15.861	24.146	3.300
15.895	24.279	3.576
15.928	24.455	3.923
15.961	24.740	4.271
15.995	24.979	4.509
16.028	25.209	4.733
16.061	25.486	4.536
16.095	25.522	4.715
16.128	25.746	4.800
16.161	25.981	4.670
16.195	26.397	4.650
16.228	26.528	4.415
16.261	26.989	4.288
16.295	27.194	4.013
16.328	27.481	3.759
16.361	27.802	3.435
16.395	28.206	3.099
16.428	28.477	2.766
16.461	28.741	2.385
16.494	29.229	2.172
16.528	29.502	1.793
16.561	29.888	1.493
16.594	30.243	1.352
16.628	30.628	1.140
16.661	30.974	0.999
16.694	31.448	0.818
16.728	31.721	0.732
16.761	32.137	0.699
16.794	32.499	0.699
16.828	32.927	0.717
16.861	33.275	0.781
16.894	33.689	1.246
