t	x	y
0.000	0.102	1.337
0.067	0.103	1.335
0.133	0.115	1.327
0.200	0.205	1.264
0.267	0.121	1.305
0.333	0.135	1.315
0.400	0.194	1.309
0.467	0.138	1.333
0.533	0.209	1.335
0.600	0.275	1.331
0.666	0.354	1.283
0.733	0.413	1.247
0.800	0.519	1.173
0.866	0.650	1.107
0.933	0.745	1.063
1.000	0.932	1.060
1.066	1.058	1.054
1.133	1.244	1.012
1.200	1.337	1.076
1.266	1.545	1.093
1.333	1.926	1.389
1.400	1.809	1.264
1.466	2.011	1.404
1.533	2.207	1.494
1.599	2.388	1.190
1.666	2.662	1.153
1.733	2.939	1.075
1.799	3.194	1.063
1.866	3.481	1.039
1.933	3.744	1.066
1.999	4.000	1.087
2.066	4.268	1.106
2.133	4.180	1.409
2.199	4.848	1.113
2.266	5.071	1.237
2.333	5.478	1.084
2.399	5.759	1.239
2.466	6.042	1.229
2.532	6.466	1.227
2.599	6.777	1.232
2.666	7.205	1.139
2.732	7.603	1.204
2.799	8.055	1.195
2.866	8.378	1.282
2.932	8.894	1.249
2.999	9.258	1.274
3.066	9.804	1.338
3.132	10.139	1.386
3.199	10.670	1.349
3.266	11.152	1.372
3.332	11.427	1.532
3.399	12.016	1.322
3.466	12.643	1.291
3.532	13.004	1.259
3.599	13.677	1.183
3.665	14.213	1.128
3.732	14.823	1.136
3.799	15.346	1.089
3.865	15.842	1.110
3.932	16.341	1.102
3.999	16.877	1.195
4.065	17.393	1.267
4.132	18.005	1.374
4.199	18.825	1.213
4.265	19.269	1.300
4.332	19.878	1.304
4.399	20.571	1.298
4.465	21.240	1.265
4.532	21.823	1.244
4.598	22.675	1.170
4.665	23.369	1.104
4.732	24.003	1.072
4.798	24.896	1.040
4.865	25.604	1.001
4.932	26.245	1.064
4.998	26.976	1.063
5.065	27.746	1.063
5.132	28.579	1.074
5.198	29.324	1.096
5.265	30.140	1.081
5.332	31.033	1.123
5.398	31.573	1.151
5.465	32.461	1.106
5.531	33.285	1.165
5.598	34.011	1.210
5.665	35.030	1.165
5.731	35.757	1.113
5.798	36.513	1.119
5.865	37.425	1.078
5.931	38.359	1.072
5.998	39.213	1.060
6.065	40.008	1.062
6.131	40.865	1.038
6.198	41.818	1.056
6.265	42.726	1.062
6.331	43.824	1.038
6.398	44.617	1.067
6.465	45.735	1.011
6.531	46.508	1.079
6.598	47.390	1.165
6.664	48.363	1.263
6.731	49.462	1.286
6.798	50.391	1.317
6.864	51.484	1.334
6.931	52.562	1.361
6.998	53.585	1.372
7.064	54.580	1.330
7.131	55.613	1.364
7.198	56.648	1.339
7.264	57.763	1.361
7.331	58.787	1.326
7.398	59.805	1.334
7.464	60.951	1.323
7.531	61.971	1.308
7.597	63.099	1.307
7.664	64.343	1.296
7.731	65.380	1.244
7.797	66.489	1.286
7.864	67.657	1.169
7.931	68.868	1.246
7.997	70.000	1.258
8.064	71.116	1.153
8.131	72.303	1.146
8.197	73.477	1.128
8.264	74.770	1.129
8.331	76.086	1.111
8.397	77.362	1.118
8.464	78.602	1.139
8.530	79.844	1.152
8.597	81.099	1.102
8.664	82.366	1.086
8.730	83.640	1.104
8.797	84.878	1.095
8.864	86.165	1.092
8.930	87.514	1.083
8.997	88.820	1.081
9.064	90.184	1.074
9.130	91.528	1.062
9.197	92.880	1.068
9.264	94.248	1.049
9.330	95.638	1.056
9.397	96.983	0.913
9.464	98.396	0.933
9.530	99.798	0.879
9.597	101.210	0.832
9.663	102.711	0.794
9.730	104.066	0.781
9.797	105.496	0.771
9.863	106.931	0.786
9.930	108.389	0.790
9.997	109.856	0.785
10.063	111.373	0.792
10.130	112.843	0.788
10.197	114.371	0.794
10.263	115.908	0.795
10.330	117.400	0.801
10.397	118.938	0.783
10.463	120.494	0.800
10.530	122.185	0.791
10.596	123.688	0.807
10.663	125.251	0.876
10.730	126.847	0.889
10.796	128.442	1.007
10.863	130.057	1.005
10.930	131.771	1.057
10.996	133.413	1.058
11.063	135.070	1.068
11.130	136.713	1.065
11.196	138.428	1.061
11.263	140.133	1.064
11.330	141.771	0.998
11.396	143.482	0.928
11.463	145.219	0.856
11.529	146.994	0.844
11.596	148.761	0.829
11.663	150.643	0.099
11.729	152.286	0.207
11.796	152.029	-0.049
11.863	150.290	-0.411
11.929	148.238	-0.569
11.996	146.485	-1.009
12.063	145.321	-1.205
12.129	143.242	-1.761
12.196	141.334	-2.357
12.263	139.767	-2.993
12.329	138.186	-3.169
12.396	136.507	-3.461
12.463	135.111	-4.142
12.529	132.709	-4.728
12.596	131.292	-5.226
12.662	129.688	-5.634
12.729	128.007	-5.857
12.796	126.640	-6.155
12.862	125.021	-6.593
12.929	123.268	-6.562
12.996	121.484	-6.700
13.062	120.364	-6.400
13.129	118.837	-6.186
13.196	117.470	-5.891
13.262	116.003	-5.432
13.329	114.536	-4.918
13.396	113.083	-4.435
13.462	111.691	-3.863
13.529	110.144	-3.205
13.595	108.740	-2.648
13.662	106.698	-2.084
13.729	105.716	-1.486
13.795	104.748	-1.127
13.862	103.250	-0.646
13.929	101.614	0.375
13.995	100.442	0.649
14.062	99.149	0.589
14.129	98.082	0.201
14.195	96.116	0.144
14.262	94.771	0.022
14.329	93.635	-0.228
14.395	92.286	-0.676
14.462	91.006	-1.133
14.528	89.968	-1.689
14.595	88.593	-2.201
14.662	87.325	-3.292
14.729	86.151	-3.922
14.795	84.874	-4.492
14.862	83.734	-4.954
14.928	82.538	-5.355
14.995	81.276	-5.632
15.062	80.134	-5.785
15.128	78.999	-5.792
15.195	77.723	-5.635
15.262	76.630	-5.356
15.328	75.389	-4.891
15.395	74.274	-4.355
15.462	73.217	-3.763
15.528	72.046	-3.075
15.595	70.978	-2.441
15.662	69.910	-1.822
15.728	68.851	-1.277
15.795	67.774	-0.730
15.861	66.745	-0.296
15.928	65.755	0.091
15.995	64.885	0.288
16.061	64.063	0.331
16.128	62.976	0.188
16.195	61.782	-0.113
16.261	60.805	-0.443
16.328	59.989	-0.974
16.395	59.099	-1.515
16.461	58.099	-2.161
16.528	57.130	-2.872
16.595	56.236	-3.486
16.661	55.356	-4.051
16.728	54.413	-4.571
16.795	53.485	-4.871
16.861	52.618	-5.053
16.928	51.712	-5.065
16.994	50.872	-4.985
17.061	50.038	-4.715
17.128	49.143	-4.068
17.194	48.385	-3.525
17.261	47.521	-2.831
17.328	46.693	-2.089
17.394	45.937	-1.463
17.461	45.151	-0.773
17.528	44.493	-0.181
17.594	43.742	0.241
17.661	42.980	0.383
17.728	42.163	0.389
17.794	41.393	0.189
17.861	40.663	-0.074
17.927	39.992	-0.665
17.994	39.324	-1.349
18.061	38.603	-2.059
18.127	37.999	-2.716
18.194	37.374	-3.460
18.261	36.725	-4.115
18.327	36.056	-4.572
18.394	35.496	-4.886
18.461	34.897	-4.944
18.527	34.245	-4.803
18.594	33.495	-4.372
18.661	32.892	-3.764
18.727	32.354	-3.044
18.794	31.757	-2.315
18.860	31.196	-1.601
18.927	30.606	-0.914
18.994	30.030	-0.364
19.060	29.437	0.051
19.127	28.951	0.154
19.194	28.480	0.006
19.260	27.987	-0.339
19.327	27.531	-0.780
19.394	27.100	-1.605
19.460	26.816	-2.185
19.527	26.202	-3.018
19.594	25.796	-3.722
19.660	25.435	-4.249
19.727	24.970	-4.592
19.794	24.636	-4.738
19.860	24.196	-4.548
19.927	23.672	-4.138
19.993	23.367	-3.493
20.060	23.103	-2.828
20.127	22.578	-1.977
20.193	22.263	-1.244
20.260	21.891	-0.579
20.327	21.509	-0.146
20.393	21.197	0.052
20.460	21.274	-0.114
20.527	20.606	-0.368
20.593	20.372	-0.915
20.660	20.124	-1.683
20.727	19.878	-2.445
20.793	19.641	-3.229
20.860	19.322	-3.828
20.926	19.062	-4.294
20.993	18.797	-4.524
21.060	18.668	-4.496
21.126	18.335	-4.000
21.193	18.663	-3.384
21.260	18.601	-2.641
21.326	17.765	-2.022
21.393	18.142	-1.143
21.460	17.306	-0.490
21.526	17.130	-0.125
21.593	16.991	0.059
21.660	16.940	-0.103
21.726	16.843	-0.461
21.793	16.816	-1.179
21.860	16.716	-1.943
21.926	16.641	-2.788
21.993	16.600	-3.459
22.059	16.488	-4.022
22.126	16.512	-4.425
22.193	16.414	-4.456
22.259	16.438	-4.212
22.326	16.436	-3.701
22.393	16.408	-2.971
22.459	16.344	-2.192
22.526	16.495	-1.435
22.593	16.458	-0.698
22.659	16.449	-0.216
22.726	16.483	-0.071
22.793	16.686	-0.131
22.859	16.823	-0.194
22.926	16.892	-0.898
22.992	17.015	-1.675
23.059	17.100	-2.446
23.126	17.257	-3.219
23.192	17.369	-3.769
23.259	17.521	-4.214
23.326	17.541	-4.281
23.392	17.787	-4.228
23.459	18.719	-3.688
23.526	18.742	-2.652
23.592	18.220	-2.191
23.659	18.345	-1.437
23.726	19.136	-0.638
23.792	18.597	-0.148
23.859	18.755	0.179
23.925	19.087	0.226
23.992	19.293	-0.096
24.059	19.701	-0.559
24.125	19.902	-1.244
24.192	20.221	-1.985
24.259	21.265	-2.753
24.325	20.832	-3.458
24.392	21.134	-4.005
24.459	21.575	-4.403
24.525	21.863	-4.475
24.592	22.220	-4.195
24.659	22.450	-3.767
24.725	22.863	-3.064
24.792	23.230	-2.415
24.858	24.235	-1.258
24.925	23.880	-0.875
24.992	24.277	-0.323
25.092	24.729	0.273
25.158	25.096	0.293
25.225	25.612	0.124
25.292	26.575	-0.173
25.358	26.544	-0.928
25.425	27.072	-1.692
25.492	27.485	-2.437
