mass_B
t	x	y
0,000	-0,796	-18,34
0,033	1,165	-19,46
0,067	0,774	-19,86
0,100	0,956	-19,47
0,133	0,831	-18,45
0,167	1,718	-17,69
0,200	1,661	-16,46
0,233	1,219	-15,80
0,267	1,910	-14,14
0,300	3,040	-15,18
0,333	4,684	-14,30
0,367	4,856	-14,65
0,400	6,225	-12,99
0,433	6,152	-12,53
0,467	6,975	-12,61
0,500	8,116	-13,08
0,533	8,190	-14,56
0,566	9,218	-13,55
0,600	9,724	-15,07
0,633	12,13	-17,04
0,666	13,07	-18,89
0,700	14,31	-18,57
0,733	14,76	-19,70
0,766	16,01	-20,01
0,800	15,18	-19,35
0,833	16,49	-19,21
0,866	17,31	-18,38
0,900	18,73	-17,54
0,933	20,69	-15,88
0,966	22,04	-16,15
1,000	24,64	-14,96
1,033	25,36	-15,13
1,066	27,93	-13,76
1,100	29,32	-13,26
1,133	32,29	-12,05
1,166	33,67	-11,40
1,200	35,24	-11,07
1,233	38,07	-10,13
1,266	40,66	-10,22
1,300	43,30	-10,37
1,333	45,29	-10,45
1,366	46,72	-11,25
1,400	49,86	-12,11
1,433	52,68	-12,40
1,466	54,81	-14,73
1,500	57,15	-15,56
1,533	59,01	-17,05
1,566	62,73	-18,61
1,599	65,83	-19,26
1,633	66,87	-19,50
1,666	69,33	-20,12
1,699	72,17	-19,88
1,733	73,50	-20,31
1,766	76,24	-20,15
1,799	78,67	-19,85
1,833	81,47	-19,11
1,866	84,22	-18,72
1,899	86,75	-18,33
1,933	90,93	-17,09
1,966	93,70	-16,74
1,999	97,74	-15,77
2,033	99,99	-14,79
2,066	102,6	-14,48
2,099	106,7	-13,55
2,133	109,8	-13,01
2,166	113,0	-13,03
2,199	116,3	-13,03
2,233	119,5	-13,05
2,266	123,0	-13,13
2,299	126,0	-13,27
2,333	129,8	-13,33
2,366	134,1	-13,66
2,399	138,0	-14,08
2,433	140,8	-15,34
2,466	145,7	-16,48
2,499	149,7	-16,89
2,532	154,1	-17,72
2,566	156,7	-18,69
2,599	162,0	-18,28
2,632	165,2	-19,69
2,666	169,3	-20,01
2,699	173,6	-20,56
2,732	176,8	-21,15
2,766	181,9	-20,12
2,799	184,3	-21,80
2,832	188,6	-21,86
2,866	192,8	-21,93
2,899	197,2	-21,85
2,932	201,2	-21,45
2,966	208,3	-19,41
2,999	210,4	-20,36
3,032	214,1	-19,57
3,066	219,9	-18,76
3,099	223,4	-18,27
3,132	231,4	-15,84
3,166	233,0	-16,38
3,199	239,5	-15,18
3,232	243,1	-14,82
3,266	247,0	-14,52
3,299	254,4	-13,43
3,332	257,8	-13,03
3,366	261,8	-12,58
3,399	269,6	-11,87
3,432	274,8	-11,15
3,466	278,8	-11,51
3,499	283,6	-11,62
3,532	289,1	-11,67
3,565	294,7	-11,92
3,599	301,0	-11,71
3,632	305,4	-12,22
3,665	311,3	-12,51
3,699	317,0	-12,87
3,732	323,9	-12,70
3,765	329,3	-13,69
3,799	335,2	-13,73
3,832	338,5	-14,96
3,865	345,2	-14,77
3,899	350,0	-16,36
3,932	356,6	-16,33
3,965	363,3	-16,51
3,999	370,3	-17,10
4,032	376,3	-16,88
4,065	380,1	-17,91
4,099	386,7	-18,52
4,132	393,2	-18,80
4,165	399,1	-18,94
4,199	404,9	-17,49
4,232	411,8	-17,48
4,265	416,9	-17,41
4,299	422,7	-17,47
4,332	431,4	-16,37
4,365	436,3	-16,70
4,399	445,4	-16,48
4,432	449,2	-15,74
4,465	458,0	-14,60
4,498	462,7	-14,52
4,532	469,5	-14,18
4,565	479,7	-12,79
4,598	485,7	-12,16
4,632	492,1	-11,42
4,665	496,8	-10,86
4,698	506,9	-9,351
4,732	509,8	-8,057
4,765	517,7	-8,472
4,798	526,4	-7,461
4,832	535,1	-6,887
4,865	545,6	-5,874
4,898	551,4	-5,588
4,932	557,0	-5,499
4,965	562,7	-5,457
4,998	574,2	-4,152
5,032	578,4	-4,650
5,065	589,2	-3,780
5,098	592,3	-6,355
5,132	603,7	-4,560
5,165	609,5	-4,833
5,198	617,2	-4,923
5,232	623,6	-5,342
5,265	631,4	-5,556
5,298	636,8	-6,502
5,332	644,0	-6,989
5,365	651,7	-8,523
5,398	659,8	0,575
5,432	666,0	-9,859
5,465	675,5	-11,43
5,498	683,7	-1,071
5,531	691,0	-1,410
5,565	699,5	-1,719
5,598	707,9	-2,140
5,631	715,0	-2,843
5,665	723,7	-3,624
5,698	731,8	-3,621
5,731	740,5	-3,960
5,765	749,3	-4,264
5,798	757,8	-5,279
5,831	766,3	-5,665
5,865	775,1	-6,017
5,898	783,6	-6,455
5,931	792,3	-6,228
5,965	800,8	-5,451
5,998	809,7	-6,072
6,031	818,5	-6,410
6,065	828,6	-6,456
6,098	837,7	-6,525
6,131	846,4	-6,619
6,165	855,6	-6,631
6,198	864,8	-6,486
6,231	873,4	-6,423
6,265	882,9	-5,723
6,298	892,0	-5,505
6,331	901,1	-4,976
6,365	910,7	-4,911
6,398	920,4	-4,487
6,431	929,5	-4,342
6,465	939,2	-3,527
6,498	948,7	-17,15
6,531	958,2	-2,159
6,564	968,0	-1,505
6,598	977,8	-0,137
6,631	987,1	-1,353E-2
6,664	997,0	0,497
6,698	1,007E3	1,271
6,731	1,017E3	2,294
6,764	1,027E3	2,625
6,798	1,037E3	3,249
6,831	1,046E3	3,565
6,864	1,057E3	4,269
6,898	1,066E3	4,853
6,931	1,077E3	5,879
6,964	1,087E3	6,904
6,998	1,097E3	6,652
7,031	1,108E3	6,445
7,064	1,118E3	6,293
7,098	1,129E3	6,883
7,131	1,139E3	7,449
7,164	1,150E3	8,469
7,198	1,159E3	8,222
7,231	1,170E3	8,310
7,264	1,178E3	8,794
7,298	1,188E3	9,385
7,331	1,198E3	9,395
7,364	1,210E3	11,24
7,398	1,223E3	11,45
7,431	1,231E3	10,80
7,464	1,243E3	10,12
7,498	1,249E3	12,13
7,531	1,260E3	12,19
7,564	1,272E3	10,17
7,597	1,279E3	10,47
7,631	1,267E3	11,68
7,664	1,256E3	11,35
7,697	1,246E3	11,27
7,731	1,229E3	12,42
7,764	1,224E3	12,12
7,797	1,213E3	12,49
7,831	1,208E3	12,80
7,864	1,191E3	14,93
7,897	1,176E3	16,33
7,931	1,165E3	14,96
7,964	1,154E3	17,67
7,997	1,146E3	19,73
8,031	1,140E3	20,52
8,064	1,131E3	22,82
8,097	1,124E3	24,34
8,131	1,115E3	25,65
8,164	1,104E3	30,22
8,197	1,095E3	31,24
8,231	1,085E3	31,66
8,264	1,078E3	34,15
8,297	1,064E3	37,58
8,331	1,053E3	39,84
8,364	1,042E3	38,85
8,397	1,032E3	40,50
8,431	1,022E3	39,97
8,464	1,012E3	42,45
8,497	999,3	47,88
8,530	994,2	47,95
8,564	985,2	49,83
8,597	974,3	50,77
8,630	966,9	51,99
8,664	957,3	52,65
8,697	947,8	53,06
8,730	939,0	54,39
8,764	930,7	54,72
8,797	921,2	55,12
8,830	910,5	54,68
8,864	901,5	53,91
8,897	893,5	53,32
8,930	885,6	53,19
8,964	876,3	52,90
8,997	867,7	51,54
9,030	859,0	50,61
9,064	850,0	48,93
9,097	840,9	42,69
9,130	834,3	41,52
9,164	825,5	39,88
9,197	816,2	38,06
9,230	808,7	35,89
9,264	801,7	33,56
9,297	793,7	31,53
9,330	785,5	29,41
9,364	775,8	26,68
9,397	767,5	24,03
9,430	762,1	21,55
9,464	755,3	19,30
9,497	747,2	18,28
9,530	735,3	14,86
9,563	727,1	10,78
9,597	721,5	10,94
9,630	716,7	9,720
9,663	704,6	6,579
9,697	696,7	5,198
9,730	689,8	4,024
9,763	683,8	4,751
9,797	675,4	4,753
9,830	668,5	4,699
9,863	665,2	0,233
9,897	656,6	0,352
9,930	645,7	3,777
9,963	641,4	4,641
9,997	625,8	1,623
10,030	618,3	1,875
10,063	612,1	3,116
10,097	609,1	6,892
10,130	602,4	8,334
10,163	596,5	10,06
10,197	590,1	11,61
10,230	583,4	12,90
10,263	576,8	14,86
10,297	570,9	16,65
10,330	564,7	18,68
10,363	559,2	21,07
10,397	553,1	23,27
10,430	546,7	25,74
10,463	539,1	27,12
10,496	536,7	28,83
10,530	530,6	31,17
10,563	522,7	33,24
10,596	516,6	34,16
10,630	510,4	35,74
10,663	505,7	36,40
10,696	500,1	37,71
10,730	494,5	38,67
10,763	488,9	38,97
10,796	483,4	38,90
10,830	477,7	38,62
10,863	473,0	38,63
10,896	465,7	37,07
10,930	461,2	36,50
10,963	455,3	34,95
10,996	449,9	33,15
11,030	445,5	32,09
11,063	439,0	29,87
11,096	434,6	27,84
11,130	429,5	25,40
11,163	422,5	22,54
11,196	419,9	23,72
11,230	416,7	18,92
11,263	407,9	13,17
11,296	407,0	12,60
11,330	404,7	10,96
11,363	397,4	9,683
11,396	389,7	6,919
11,430	381,0	5,611
11,463	382,7	5,324
11,496	379,4	4,284
11,529	374,3	0,944
11,563	370,4	-1,256
11,596	364,8	3,861
11,629	363,3	2,284
11,663	357,3	1,431
11,696	355,8	1,359
11,729	350,3	3,483
11,763	346,2	6,275
11,796	341,6	8,937
11,829	341,8	10,03
11,863	333,9	12,36
11,896	328,6	15,34
11,929	319,8	14,43
11,963	316,2	17,59
11,996	314,3	18,98
12,029	313,2	20,00
12,063	308,5	24,23
12,096	302,5	25,83
12,129	297,5	29,46
12,163	293,1	34,44
12,196	290,3	33,67
12,229	291,0	33,69
12,263	282,4	31,95
12,296	279,8	36,05
12,329	275,3	35,51
12,363	271,5	38,31
12,396	274,8	36,45
12,429	266,7	36,15
12,463	265,9	36,15
12,496	261,2	35,07
12,529	257,6	33,32
12,562	254,1	29,56
12,596	249,4	28,21
12,629	245,6	27,09
12,662	245,5	24,55
12,696	241,3	19,41
12,729	243,3	15,43
12,762	241,0	18,79
12,796	237,9	16,38
12,829	235,2	15,07
12,862	232,8	14,11
12,896	231,5	15,98
12,929	226,7	4,329
12,962	225,5	7,000
12,996	223,2	7,284
13,029	225,9	6,304
13,062	221,4	3,423
13,096	220,7	3,364
13,129	217,9	2,331
13,162	212,0	7,386
13,196	205,6	7,546
13,229	204,3	11,61
13,262	204,2	13,49
13,296	203,7	13,81
13,329	199,7	17,85
13,362	199,4	20,40
13,396	198,8	21,74
13,429	193,7	23,27
13,462	197,6	28,01
13,495	197,6	28,37
13,529	193,0	31,85
13,562	191,6	31,14
13,595	187,0	29,69
13,629	184,8	30,07
13,662	183,8	31,00
13,695	183,8	31,05
13,729	182,9	32,69
13,762	180,0	32,14
13,795	177,4	29,18
13,829	178,7	22,40
13,862	180,6	19,00
13,895	180,6	16,95
13,929	179,9	16,63
13,962	178,8	16,45
13,995	178,0	12,93
14,029	176,6	13,38
14,062	173,9	10,30
14,095	173,2	7,809
14,129	174,0	4,766
14,162	173,5	3,992
14,195	173,0	2,551
14,229	171,8	1,878
14,262	171,6	1,208
14,295	171,5	0,765
14,329	170,2	2,218
14,362	170,4	1,789
14,395	169,1	3,869
14,429	168,8	7,155
14,462	169,1	9,800
14,495	169,4	12,98
14,528	169,8	16,29
14,562	169,4	19,21
14,595	169,0	22,23
14,628	169,6	24,77
14,662	169,7	27,50
14,695	169,6	29,48
14,728	169,4	31,51
14,762	169,4	33,43
14,795	166,8	34,35
14,828	169,3	35,55
14,862	169,1	37,63
14,895	169,6	37,51
14,928	171,1	37,23
14,962	169,5	35,61
14,995	168,9	31,51
15,028	168,9	29,37
15,062	171,3	27,32
15,095	174,2	24,61
15,128	173,3	22,37
15,162	174,5	19,31
15,195	175,9	16,56
15,228	176,6	14,10
15,262	178,4	11,67
15,295	179,1	9,488
15,328	180,1	6,597
15,362	181,6	4,709
15,395	182,7	3,574
15,428	183,7	3,108
15,462	184,9	3,163
15,495	185,8	3,322
15,528	187,2	3,707
15,561	190,1	15,00
15,595	193,9	3,442
15,628	195,4	5,690
15,661	197,2	8,830
15,695	195,1	12,74
15,728	197,1	16,22
15,761	199,3	19,36
15,795	200,4	22,38
15,828	201,7	25,27
15,861	202,9	27,73
15,895	204,1	30,05
15,928	205,5	32,98
15,961	207,9	35,90
15,995	209,9	37,90
16,028	211,9	39,78
16,061	214,2	38,12
16,095	214,5	39,63
16,128	216,4	40,34
16,161	218,4	39,25
16,195	221,9	39,08
16,228	223,0	37,11
16,261	226,8	36,04
16,295	228,6	33,72
16,328	231,0	31,59
16,361	233,7	28,87
16,395	237,1	26,05
16,428	239,3	23,24
16,461	241,6	20,05
16,494	245,7	18,25
16,528	248,0	15,07
16,561	251,2	12,55
16,594	254,2	11,36
16,628	257,4	9,584
16,661	260,3	8,395
16,694	264,3	6,873
16,728	266,6	6,150
16,761	270,1	5,874
16,794	273,1	5,874
16,828	276,7	6,029
16,861	279,7	6,565
16,894	283,1	10,47
