mass_A
t	x	y	v_{x}	v_{y}
0,000	0,145	-17,13		
0,033	0,189	-17,19	0,190	-1,327
0,067	0,157	-17,22	-1,314	1,078
0,100	0,102	-17,12	-1,840	1,635
0,133	3,456E-2	-17,11	-1,733	8,679E-2
0,167	-1,386E-2	-17,11	-0,570	-0,603
0,200	-3,456E-3	-17,15	0,305	-1,330
0,233	6,447E-3	-17,20	0,634	-0,930
0,267	3,880E-2	-17,21	0,764	-1,077
0,300	5,738E-2	-17,27	0,225	-3,560
0,333	5,378E-2	-17,45	1,865	-4,340
0,367	0,182	-17,56	3,150	-1,335
0,400	0,264	-17,54	5,961	-0,366
0,433	0,579	-17,59	17,18	-3,379
0,500	1,981	-17,87	17,86	-2,967
0,533	2,364	-17,88	10,78	3,676
0,566	2,700	-17,63	17,73	8,554
0,600	3,546	-17,31	28,06	3,814
0,633	4,570	-17,37	28,61	-1,771
0,666	5,453	-17,43	22,98	0,738
0,700	6,102	-17,32	16,69	0,559
0,733	6,565	-17,39	16,26	-2,979
0,766	7,186	-17,52	20,96	0,179
0,800	7,962	-17,38	71,44	4,732
0,833	11,95	-17,21	103,0	2,268
0,866	14,83	-17,23	29,77	5,172
0,900	13,93	-16,86	24,17	-19,11
0,933	16,44	-18,50	56,65	-13,96
0,966	17,71	-17,79	21,70	10,64
1,000	17,89	-17,79	2,703	-2,123E-2
1,033	17,89	-17,79	29,73	-0,233
1,066	19,87	-17,81	67,48	-11,34
1,100	22,38	-18,55	5,082	16,37
1,133	20,21	-16,72	-13,69	22,00
1,166	21,47	-17,08	40,49	-8,366
1,200	22,90	-17,28	44,80	-2,694
1,233	24,46	-17,26	41,08	-0,152
1,266	25,64	-17,29	41,17	-0,949
1,300	27,20	-17,33	62,78	0,168
1,333	29,83	-17,28	74,83	1,223
1,366	32,19	-17,25	70,45	0,238
1,400	34,52	-17,26	67,09	-0,626
1,433	36,66	-17,29	66,16	3,141
1,466	38,93	-17,05	63,28	-2,947E-2
1,500	40,87	-17,29	65,58	-5,015E-2
1,533	43,30	-17,05	70,63	1,850
1,566	45,58	-17,17	67,65	-3,491
1,599	47,81	-17,29	63,04	-2,759
1,633	49,78	-17,35	61,53	-1,151
1,666	51,91	-17,36	67,90	0,580
1,699	54,31	-17,31	76,66	-0,817
1,733	57,02	-17,42	80,20	-3,165
1,766	59,65	-17,52	76,86	-1,468
1,799	62,14	-17,52	66,34	-1,012
1,833	64,07	-17,59	69,22	-1,689
1,866	66,76	-17,63	81,50	-0,368
1,899	69,51	-17,61	77,93	-0,199
1,933	71,95	-17,64	68,84	-2,186
1,966	74,09	-17,76	71,61	-2,008
1,999	76,72	-17,78	79,13	-2,569E-3
2,033	79,37	-17,76	81,32	-0,399
2,066	82,14	-17,80	79,35	-0,731
2,099	84,66	-17,81	92,12	-1,002
2,133	88,28	-17,87	92,53	-3,388
2,166	90,82	-18,03	86,76	-3,555
2,199	94,06	-18,11	93,30	1,508
2,233	97,04	-17,93	84,52	3,825
2,266	99,70	-17,85	94,29	1,045
2,299	103,3	-17,86	102,7	-0,494
2,333	106,5	-17,88	102,4	-0,363
2,366	110,1	-17,89	99,64	-2,023
2,399	113,2	-18,02	98,15	-2,227
2,433	116,7	-18,04	104,3	1,388
2,466	120,1	-17,93	101,4	0,159
2,499	123,4	-18,03	108,4	-2,078
2,533	127,4	-18,06	111,0	-0,158
2,566	130,8	-18,04	98,64	0,104
2,599	133,9	-18,06	106,6	-0,971
2,632	138,0	-18,10	121,6	-2,670
2,666	142,0	-18,24	114,7	-4,878
2,699	145,6	-18,43	108,2	-1,019
2,732	149,2	-18,30	112,2	5,107
2,766	153,1	-18,09	108,5	0,398
2,799	156,5	-18,28	107,6	-4,995
2,832	160,2	-18,42	117,5	-1,748
2,866	164,3	-18,39	122,5	0,564
2,899	168,4	-18,38	127,8	-1,247
2,932	172,8	-18,48	128,0	-3,332
2,966	176,9	-18,60	125,9	-1,628
2,999	181,2	-18,59	127,1	0,287
3,032	185,4	-18,58	125,1	-0,639
3,066	189,5	-18,63	132,0	-0,923
3,099	194,2	-18,65	138,0	-1,346
3,132	198,7	-18,72	133,8	-1,476
3,166	203,1	-18,74	131,8	-0,129
3,199	207,5	-18,73	130,5	-0,240
3,232	211,8	-18,76	131,1	-1,388
3,266	216,3	-18,82	132,0	-1,043
3,299	220,6	-18,83	135,0	-0,784
3,332	225,3	-18,87	138,6	-0,968
3,366	229,9	-18,89	145,5	-0,903
3,399	235,0	-18,93	152,3	-1,743
3,432	240,0	-19,01	145,9	0,276
3,466	244,7	-18,91	147,8	1,297
3,499	249,9	-18,92	151,7	-1,797
3,532	254,8	-19,03	144,4	-2,241
3,565	259,5	-19,07	139,5	-1,292
3,599	264,1	-19,12	147,7	0,469
3,632	269,3	-19,04	159,5	-0,231
3,665	274,7	-19,13	164,7	-3,368
3,699	280,3	-19,27	159,4	-2,606
3,732	285,3	-19,31	147,2	-1,228
3,765	290,1	-19,35	152,9	-0,816
3,799	295,5	-19,36	157,5	1,032
3,832	300,6	-19,28	159,6	2,769
3,865	306,2	-19,18	163,9	-2,109
3,899	311,5	-19,42	155,3	-4,552
3,932	316,5	-19,48	153,8	-0,513
3,965	321,8	-19,45	157,8	-1,564
3,999	327,0	-19,58	164,7	-1,117
4,032	332,8	-19,53	176,3	1,253
4,065	338,8	-19,50	169,8	-3,415
4,099	344,1	-19,76	164,3	-4,377
4,132	349,7	-19,79	165,4	-0,571
4,165	355,1	-19,79	165,7	2,655
4,199	360,8	-19,62	172,8	6,312
4,232	366,6	-19,37	177,0	-2,671
4,265	372,6	-19,79	172,2	-9,298
4,299	378,1	-19,99	178,6	-4,172
4,332	384,5	-20,07	189,9	-2,384
4,365	390,7	-20,15	190,0	-1,793
4,399	397,1	-20,19	189,9	-1,720
4,432	403,4	-20,27	188,7	-2,487
4,465	409,7	-20,36	182,5	-1,692
4,499	415,6	-20,38	189,0	-1,543
4,532	422,3	-20,46	201,4	-3,017
4,565	429,0	-20,58	188,4	-2,402
4,598	434,9	-20,62	183,6	-0,961
4,632	441,2	-20,65	189,5	-0,211
4,665	447,5	-20,63	187,4	0,975
4,698	453,7	-20,58	191,4	1,243
4,732	460,3	-20,55	193,2	1,894
4,765	466,6	-20,45	188,5	2,403
4,798	472,8	-20,39	188,1	-7,004E-2
4,832	479,1	-20,46	201,3	-3,060
4,865	486,2	-20,60	207,2	-4,030
4,898	492,9	-20,73	205,0	-5,952
4,932	499,9	-20,99	220,7	-5,871
4,965	507,6	-21,12	218,8	-2,904
4,998	514,5	-21,19	204,0	-0,225
5,032	521,2	-21,13	214,2	2,096
5,065	528,8	-21,05	210,2	1,846
5,098	535,2	-21,01	188,1	6,944
5,132	541,3	-20,58	218,1	20,56
5,165	549,8	-19,64	219,8	17,75
5,198	555,9	-19,40	208,1	3,186
5,232	563,6	-19,43	225,8	-1,101
5,265	571,0	-19,47	207,5	1,888
5,298	577,5	-19,30	196,5	5,582
5,332	584,1	-19,10	230,0	16,82
5,365	592,8	-18,18	225,1	22,62
5,398	599,1	-17,59	199,0	10,73
5,432	606,1	-17,47	220,4	7,200
5,465	613,8	-17,11	250,8	21,68
5,498	622,8	-16,02	238,5	21,97
5,532	629,7	-15,65	237,2	-3,639
5,565	638,6	-16,26	226,4	-24,94
5,598	644,7	-17,31	208,5	-20,74
5,631	652,5	-17,65	244,2	-9,563
5,665	661,0	-17,95	258,3	-8,549
5,698	669,7	-18,22	252,3	-4,905
5,731	677,8	-18,28	238,7	0,955
5,765	685,6	-18,15	233,1	6,308
5,798	693,4	-17,86	241,8	4,542
5,831	701,7	-17,85	244,5	-3,743
5,865	709,7	-18,10	234,9	1,348
5,898	717,4	-17,76	263,5	16,58
5,931	727,2	-17,00	263,3	18,85
5,965	734,9	-16,50	229,8	11,20
5,998	742,6	-16,25	217,6	7,593
6,031	749,4	-16,00	261,5	14,47
6,065	760,0	-15,29	294,1	44,13
6,098	769,0	-13,06	269,3	43,29
6,131	777,9	-12,40	300,0	22,93
6,165	789,0	-11,53	288,8	15,69
6,198	797,2	-11,36	253,0	2,578
6,231	805,9	-11,36	267,4	-3,923
6,265	815,0	-11,62	266,9	-7,542
6,298	823,7	-11,86	271,6	-6,368
6,331	833,1	-12,04	279,7	-2,310
6,365	842,3	-12,01	273,6	0,562
6,398	851,3	-12,01	284,9	-3,391
6,431	861,3	-12,24	283,7	-6,134
6,465	870,2	-12,42	274,2	-6,984
6,498	879,6	-12,70	277,6	-2,682
6,531	888,8	-12,59	278,3	2,027
6,564	898,1	-12,57	280,7	-2,234E-2
6,598	907,5	-12,60	279,5	0,246
6,631	916,7	-12,55	281,2	-0,594
6,664	926,2	-12,64	285,0	-2,433
6,698	935,7	-12,71	285,3	-1,928
6,731	945,2	-12,76	291,7	-1,878
6,764	955,2	-12,84	295,4	-1,678
6,798	964,9	-12,88	297,4	-1,833
6,831	975,0	-12,96	306,5	-2,879
6,864	985,3	-13,07	291,8	-2,800
6,898	994,4	-13,15	274,3	3,188
6,931	1,004E3	-12,86	297,2	22,82
6,964	1,014E3	-11,63	309,4	23,55
6,998	1,024E3	-11,29	298,3	2,895
7,031	1,034E3	-11,44	286,4	-8,276
7,064	1,043E3	-11,84	285,3	-6,791
7,098	1,053E3	-11,89	294,4	0,279
7,131	1,063E3	-11,82	312,7	-1,440E-2
7,164	1,074E3	-11,89	317,1	-0,278
7,198	1,084E3	-11,84	303,1	0,711
7,231	1,094E3	-11,84	306,2	-2,256
7,264	1,104E3	-11,99	310,9	-2,319
7,298	1,115E3	-12,00	319,5	0,511
7,331	1,126E3	-11,95	316,8	0,390
7,364	1,136E3	-11,97	308,9	-2,734
7,398	1,146E3	-12,14	303,4	-4,397
7,431	1,156E3	-12,26	307,9	-2,723
7,464	1,167E3	-12,32	316,4	-0,947
7,498	1,177E3	-12,33	300,4	0,540
7,531	1,187E3	-12,28	289,2	5,296
7,564	1,197E3	-11,97	301,2	4,260
7,597	1,207E3	-12,00	303,6	-7,782
7,631	1,217E3	-12,49	331,2	-11,24
7,664	1,229E3	-12,75	372,0	-5,764
7,697	1,242E3	-12,88	357,6	-2,776
7,731	1,253E3	-12,93	360,4	0,624
7,764	1,266E3	-12,83	329,6	0,377
7,797	1,275E3	-12,91	111,2	2,780
7,831	1,273E3	-12,65	-198,8	10,34
7,864	1,262E3	-12,22	-378,8	13,24
7,897	1,248E3	-11,77	-349,6	25,55
7,931	1,238E3	-10,51	-310,2	35,08
7,964	1,227E3	-9,429	-327,8	30,67
7,997	1,216E3	-8,471	-308,1	39,56
8,031	1,207E3	-6,792	-292,4	44,64
8,064	1,197E3	-5,496	-228,8	148,0
8,097	1,191E3	3,068	-138,6	112,7
8,131	1,188E3	2,016	-280,7	42,75
8,164	1,173E3	5,917	-369,5	102,9
8,197	1,163E3	8,874	-299,5	64,51
8,231	1,153E3	10,22	-283,3	56,28
8,264	1,144E3	12,62	-329,3	51,23
8,297	1,131E3	13,63	-359,1	43,36
8,331	1,120E3	15,51	-313,1	53,81
8,364	1,110E3	17,22	-353,8	37,91
8,397	1,097E3	18,04	-326,3	94,45
8,431	1,088E3	23,51	-307,4	86,20
8,464	1,076E3	23,79	-367,1	54,23
8,497	1,064E3	27,13	-310,2	83,52
8,530	1,056E3	29,35	-269,7	69,69
8,564	1,046E3	31,77	-256,4	45,26
8,597	1,038E3	32,37	-291,7	26,61
8,630	1,026E3	33,54	-369,7	75,88
8,664	1,014E3	37,42	-299,4	69,92
8,697	1,006E3	38,20	-240,1	55,94
8,730	997,8	41,15	-275,3	53,51
8,764	987,9	41,77	-304,9	61,85
8,797	977,5	45,27	-313,0	70,02
8,830	967,1	46,44	-273,1	-14,07
8,864	959,3	44,34	-213,6	-14,54
8,897	952,8	45,47	-227,0	7,188
8,930	944,2	44,82	-275,7	-3,240
8,964	934,5	45,25	-305,2	26,72
8,997	923,8	46,60	-291,0	18,60
9,030	915,1	46,49	-267,6	-20,93
9,064	906,0	45,20	-250,6	-37,96
9,130	890,0	42,69	-239,4	-38,58
9,164	882,1	41,34	-242,8	-44,10
9,197	873,8	39,76	-250,5	-45,70
9,230	865,4	38,30	-251,6	-54,32
9,264	857,0	36,14	-257,6	-61,02
9,297	848,2	34,23	-256,5	-56,56
9,330	839,9	32,37	-241,9	-58,77
9,364	832,1	30,31	-238,1	-67,89
9,397	824,1	27,84	-244,5	-71,74
9,430	815,8	25,53	-248,4	-68,79
9,464	807,5	23,26	-262,8	-70,77
9,497	798,3	20,82	-264,0	-68,35
9,530	789,9	18,70	-201,1	-57,19
9,564	784,9	17,01	-190,2	-68,44
9,597	777,3	14,14	-259,2	-99,72
9,630	767,6	10,36	-261,6	-90,96
9,664	759,8	8,079	-241,2	-81,89
9,697	751,5	4,902	-219,6	-92,87
9,730	745,2	1,890	-187,0	-60,69
9,763	739,0	0,857	-249,1	-54,80
9,797	728,6	-1,763	-262,5	-43,88
9,830	721,6	-2,068	-235,5	-41,39
9,863	712,9	-4,521	-243,6	-46,73
9,897	705,3	-5,182	-202,8	-10,57
9,930	699,4	-5,226	-156,1	-8,441
9,963	694,9	-5,745	-188,7	-19,56
9,997	686,8	-6,529	-229,9	-20,86
10,030	679,6	-7,135	-224,0	-10,37
10,063	671,9	-7,220	-224,5	2,003
10,097	664,6	-7,002	-239,5	9,038
10,130	655,9	-6,618	-272,4	19,01
10,163	646,5	-5,735	-233,9	29,31
10,197	640,3	-4,665	-184,0	39,26
10,230	634,2	-3,118	-189,7	36,05
10,263	627,7	-2,262	-208,0	39,84
10,297	620,4	-0,463	-209,7	59,38
10,330	613,7	1,695	-190,3	67,54
10,363	607,7	4,038	-193,9	61,36
10,397	600,8	5,784	-207,3	36,99
10,430	593,9	6,503	-185,5	36,71
10,463	588,4	8,231	-187,8	62,59
10,497	581,3	10,67	-193,7	74,02
10,530	575,5	13,16	-180,3	77,39
10,563	569,3	15,83	-194,4	71,42
10,597	562,6	17,92	-190,5	55,62
10,630	556,6	19,54	-177,8	119,2
10,663	550,7	25,87	-194,6	164,6
10,697	543,7	30,51	-175,6	83,45
10,730	539,0	31,43	-165,4	46,83
10,763	532,6	33,63	-185,7	67,53
10,796	526,6	35,93	-169,1	66,69
10,830	521,4	38,07	-184,4	40,80
10,863	514,3	38,65	-178,6	19,87
10,896	509,5	39,40	-172,1	26,49
10,930	502,9	40,41	-179,6	20,23
10,963	497,5	40,74	-167,0	1,022
10,996	491,7	40,48	-186,8	-24,90
11,030	485,1	39,09	-166,7	-35,34
11,063	480,6	38,13	-164,5	-40,58
11,096	474,1	36,38	-155,4	-37,81
11,130	470,3	35,61	-141,0	-35,09
11,163	464,7	34,04	-161,4	-58,87
11,196	459,5	31,68	-157,0	-61,91
11,230	454,2	29,92	-156,7	-61,73
11,263	449,1	27,57	-164,2	-92,90
11,296	443,3	23,73	-159,9	-98,96
11,330	438,4	20,97	-141,5	-81,12
11,363	433,9	18,32	-132,6	-83,23
11,430	425,2	12,65	-136,3	-80,85
11,463	420,2	10,24	-136,6	-60,32
11,496	416,1	8,630	-157,6	-84,40
11,530	409,7	4,611	-204,2	-86,76
11,563	402,4	2,848	-178,0	-66,87
11,596	397,9	0,154	-164,5	-85,18
11,630	391,5	-2,828	-136,9	-48,99
11,663	388,8	-3,110	-100,0	14,44
11,696	384,8	-1,866	-136,8	-30,78
11,730	379,6	-5,162	-173,1	-21,40
11,763	373,3	-3,292	-99,90	28,09
11,796	373,0	-3,290	-118,4	-12,72
11,829	365,4	-4,140	-173,0	-3,193
11,863	361,5	-3,502	-159,3	-7,850
11,896	354,8	-4,663	-140,6	64,82
11,929	352,1	0,817	-98,53	107,3
11,963	348,2	2,486	-120,8	57,04
11,996	344,0	4,619	-113,0	41,56
12,029	340,7	5,256	-101,6	38,28
12,063	337,3	7,170	-112,9	95,35
12,096	333,1	11,61	-115,2	140,0
12,129	329,6	16,50	-112,4	146,8
12,163	325,7	21,40	-123,3	125,3
12,196	321,4	24,85	-134,5	76,73
12,229	316,7	26,51	-151,0	39,02
12,263	311,3	27,45	-132,0	55,09
12,296	307,9	30,18	-85,61	111,5
12,329	305,6	34,88	-120,9	90,14
12,363	299,8	36,19	-137,4	52,43
12,396	296,4	38,38	-64,58	35,64
12,429	295,5	38,56	-51,47	-15,81
12,463	293,0	37,32	-97,50	-26,26
12,496	289,0	36,81	-159,2	30,98
12,529	282,4	39,39	-137,4	60,54
12,563	279,9	40,85	-83,63	19,58
12,596	276,8	40,69	-86,93	-56,07
12,629	274,1	37,11	-81,75	-85,84
12,663	271,4	34,97	-89,71	-66,86
12,696	268,1	32,65	-114,2	-82,89
12,729	263,8	29,45	-114,3	-96,40
12,763	260,5	26,23	-73,54	-72,39
12,796	258,9	24,62	-52,05	-88,78
12,829	257,0	20,31	-84,71	-118,3
12,862	253,2	16,74	-76,58	-115,6
12,896	251,9	12,61	-68,18	-77,84
12,929	248,7	11,55	-95,03	-56,01
12,962	245,6	8,875	-97,99	-88,42
12,996	242,1	5,660	-54,75	-88,76
13,029	241,9	2,960	-60,05	-75,20
13,062	238,1	0,649	-97,80	-64,10
13,096	235,4	-1,311	-67,80	-29,20
13,129	233,6	-1,297	-89,20	-2,002
13,162	229,5	-1,445	-91,52	46,66
13,196	227,5	1,813	-86,40	11,49
13,229	223,7	-0,679	-73,24	-34,56
13,262	222,6	-0,491	-42,82	54,39
13,296	220,9	2,946	-45,11	105,8
13,329	219,6	6,558	-42,65	76,01
13,362	218,0	8,011	-67,37	24,85
13,396	215,1	8,214	-74,70	44,22
13,429	213,0	10,96	-61,66	71,74
13,462	211,0	13,00	-66,66	72,90
13,496	208,6	15,82	-63,30	87,92
13,529	206,8	18,85	-46,77	90,39
13,562	205,5	21,84	-61,70	92,25
13,596	202,7	25,00	-79,28	92,47
13,629	200,2	28,00	-73,12	87,53
13,662	197,8	30,84	-65,84	71,70
13,696	195,8	32,78	-48,29	52,28
13,729	194,6	34,32	-40,77	28,36
13,762	193,1	34,67	-52,13	7,820
13,796	191,1	34,84	-56,95	1,210
13,829	189,3	34,75	-51,47	-5,391
13,862	187,7	34,48	-38,53	-7,342
13,895	186,7	34,26	-38,05	-31,11
13,929	185,2	32,41	-32,83	-59,34
13,962	184,5	30,31	-29,94	-65,28
13,995	183,2	28,06	-27,22	-68,81
14,029	182,7	25,72	-25,65	-77,87
14,062	181,5	22,87	-36,00	-96,14
14,095	180,3	19,32	-22,39	-109,4
14,129	180,0	15,58	-8,134	-102,7
14,162	179,8	12,47	-16,69	-96,23
14,195	178,9	9,165	-20,97	-94,33
14,229	178,4	6,187	-26,43	-70,41
14,262	177,1	4,472	-30,34	-30,11
14,295	176,4	4,180	-12,57	-62,37
14,329	176,3	0,316	-4,221	-101,1
14,362	176,1	-2,557	-3,064	-69,26
14,395	176,1	-4,300	-6,599	-29,27
14,429	175,6	-4,508	-20,51	0,393
14,462	174,7	-4,274	-23,37	9,011
14,495	174,1	-3,907	-12,70	25,23
14,529	173,8	-2,592	-0,187	39,64
14,562	174,1	-1,265	1,219	57,82
14,595	173,9	1,261	-5,524	81,19
14,629	173,7	4,146	-16,81	91,08
14,662	172,8	7,331	-21,79	102,5
14,695	172,3	10,97	-9,743	103,5
14,729	172,2	14,23	-6,692	104,9
14,762	171,8	17,97	-2,706	106,5
14,795	172,0	21,33	2,938	103,2
14,828	172,0	24,85	-2,966	96,53
14,862	171,8	27,76	-3,940	72,99
14,895	171,7	29,71	-1,291	62,10
14,928	171,7	31,90	-2,156	44,91
14,962	171,6	32,71	-2,991	20,95
14,995	171,5	33,30	15,97	14,00
15,028	172,7	33,64	27,72	11,40
15,062	173,3	34,06	1,349	-15,49
15,095	172,8	32,61	-5,975	-52,80
15,128	172,9	30,54	10,68	-57,41
15,162	173,5	28,78	20,93	-66,72
15,195	174,3	26,09	34,93	-78,50
15,228	175,8	23,55	32,42	-83,20
15,262	176,5	20,55	13,79	-93,81
15,295	176,7	17,30	27,46	-86,62
15,328	178,3	14,77	41,45	-94,20
15,362	179,5	11,02	28,18	-122,6
15,395	180,2	6,601	23,39	-134,9
15,428	181,0	2,031	24,58	-113,4
15,462	181,8	-0,956	36,79	-87,48
15,495	183,5	-3,799	43,44	-83,15
15,528	184,7	-6,498	38,41	-65,83
15,562	186,0	-8,187	34,59	-37,16
15,595	187,0	-8,974	23,43	-12,86
15,628	187,6	-9,044	26,91	3,230
15,662	188,8	-8,759	46,60	9,689
15,695	190,7	-8,398	45,76	7,053
15,728	191,9	-8,289	37,34	23,60
15,762	193,2	-6,825	51,68	59,77
15,795	195,3	-4,305	53,64	91,00
15,828	196,8	-0,760	38,70	92,12
15,861	197,9	1,834	38,17	78,78
15,895	199,3	4,490	45,92	85,56
15,928	201,0	7,536	45,62	92,76
15,961	202,4	10,67	51,14	107,4
15,995	204,4	14,70	59,64	117,2
16,028	206,3	18,48	33,97	96,22
16,061	206,6	21,11	18,22	76,96
16,095	207,5	23,61	38,36	73,34
16,128	209,2	26,00	54,03	62,21
16,161	211,1	27,76	65,18	45,53
16,195	213,5	29,03	52,16	34,42
16,228	214,6	30,05	25,53	22,20
16,261	215,2	30,51	40,98	3,458
16,295	217,4	30,28	76,39	-11,54
16,328	220,3	29,74	65,59	-36,93
16,361	221,7	27,82	57,78	-57,74
16,395	224,2	25,89	97,73	-51,58
16,428	228,2	24,38	82,13	-63,52
16,461	229,7	21,66	63,07	-84,08
16,495	232,4	18,78	78,04	-77,70
16,528	234,9	16,48	72,54	-73,75
16,561	237,3	13,87	78,26	-75,12
16,595	240,1	11,48	86,63	-81,57
16,628	243,1	8,430	84,78	-90,15
16,661	245,7	5,468	78,78	-91,43
16,695	248,3	2,337	73,94	-87,67
16,728	250,7	-0,375		
