mass_C
t	x	y
0,000	-0,338	-2,128
0,033	-0,313	-2,171
0,067	-0,221	-2,209
0,100	-0,179	-2,209
0,167	-0,147	-2,214
0,200	-0,164	-2,213
0,233	-0,112	-2,139
0,267	-0,046	-2,156
0,300	-0,109	-2,086
0,333	-0,158	-2,101
0,366	-0,193	-2,089
0,400	-0,030	-1,959
0,433	-0,114	-1,941
0,466	-0,323	-1,932
0,500	-0,191	-1,966
0,533	-0,226	-1,983
0,566	-0,245	-1,954
0,600	-0,126	-1,935
0,633	-0,281	-2,007
0,666	-0,334	-2,006
0,700	-0,309	-2,135
0,733	-0,400	-2,120
0,766	-0,356	-2,253
0,800	-0,312	-2,086
0,833	-0,322	-2,191
0,866	-0,214	-2,198
0,900	-0,263	-2,191
0,933	-0,402	-2,165
0,966	-0,245	-2,147
1,000	-0,260	-2,142
1,033	-0,236	-2,108
1,066	-0,195	-2,061
1,100	-0,164	-2,009
1,133	-0,262	-1,934
1,166	-0,122	-1,900
1,200	-0,161	-1,886
1,233	-0,234	-1,885
1,266	-0,252	-1,880
1,300	-0,275	-1,908
1,333	-0,302	-1,926
1,366	-0,330	-1,946
1,400	-0,428	-1,940
1,433	-0,376	-1,984
1,466	-0,411	-2,121
1,500	-0,438	-2,128
1,533	-0,481	-2,119
1,566	-0,399	-2,168
1,599	-0,360	-2,174
1,633	-0,382	-2,178
1,666	-0,362	-2,194
1,699	-0,324	-2,162
1,733	-0,486	-2,163
1,766	-0,294	-2,032
1,799	-0,299	-2,061
1,833	-0,202	-1,910
1,866	-0,078	-1,828
1,899	-0,253	-1,890
1,933	-0,294	-1,896
1,966	-0,187	-1,874
1,999	-0,275	-1,878
2,033	-0,227	-1,892
2,066	-0,039	-1,907
2,099	-0,092	-1,911
2,133	-0,026	-1,920
2,166	0,136	-1,977
2,199	0,156	-1,963
2,233	0,424	-1,953
2,266	0,695	-1,988
2,299	0,769	-2,072
2,333	0,953	-2,092
2,366	1,252	-2,088
2,399	1,353	-2,092
2,433	1,507	-1,721
2,466	1,803	-1,639
2,499	2,258	-1,921
2,533	2,467	-1,831
2,566	2,886	-1,817
2,599	3,091	-1,747
2,632	3,574	-1,784
2,666	3,902	-1,730
2,699	4,348	-1,817
2,732	4,729	-1,859
2,766	5,149	-1,659
2,799	5,666	-1,674
2,832	6,004	-1,613
2,866	6,544	-1,607
2,899	6,964	-1,611
2,932	7,238	-1,614
2,966	7,835	-1,740
2,999	8,482	-1,795
3,032	8,945	-1,768
3,066	9,554	-1,783
3,099	10,078	-1,753
3,132	10,547	-1,688
3,166	11,253	-1,795
3,199	11,863	-1,778
3,232	12,498	-1,827
3,266	13,117	-1,830
3,299	13,822	-1,814
3,332	14,516	-1,786
3,366	15,257	-1,634
3,399	15,815	-1,588
3,432	16,686	-1,631
3,466	17,521	-1,649
3,499	18,199	-1,511
3,532	19,063	-1,485
3,566	19,734	-1,457
3,599	20,356	-1,396
3,632	21,251	-1,311
3,665	22,065	-1,236
3,699	22,943	-1,240
3,732	23,848	-1,177
3,765	24,678	-1,057
3,799	25,473	-0,987
3,832	26,461	-1,047
3,865	27,386	-1,043
3,899	28,295	-0,973
3,932	29,306	-0,969
3,965	30,273	-0,948
3,999	31,163	-0,929
4,032	32,309	-0,960
4,065	33,395	-0,970
4,099	34,304	-0,922
4,132	35,396	-0,917
4,165	36,392	-0,904
4,199	37,422	-0,897
4,232	38,653	-0,899
4,265	39,800	-0,896
4,332	42,055	-0,846
4,365	43,153	-0,843
4,399	44,462	-0,820
4,432	45,742	-0,783
4,465	47,050	-0,762
4,499	47,973	-0,974
4,532	49,091	-0,994
4,565	49,920	-1,112
4,599	51,274	-1,099
4,632	52,623	-1,030
4,665	53,756	-0,947
4,698	54,800	-1,064
4,732	55,847	-0,904
4,765	57,318	-0,712
4,798	58,725	-0,674
4,832	59,797	-0,392
4,865	61,623	-0,786
4,898	62,880	-0,625
4,932	64,064	-0,504
4,965	65,414	-0,465
4,998	67,009	-0,575
5,032	68,480	-0,413
5,065	70,479	-0,619
5,098	71,275	-0,308
5,132	73,027	0,165
5,165	74,255	-0,073
5,198	75,690	-0,143
5,232	77,624	-0,438
5,265	79,380	-0,108
5,298	80,605	0,052
5,332	82,048	0,011
5,365	83,795	0,267
5,398	84,976	0,111
5,432	87,002	-0,092
5,465	88,967	0,120
5,498	90,131	0,250
5,532	91,608	0,363
5,565	93,265	0,312
5,598	95,196	0,283
5,631	96,612	0,566
5,665	98,582	0,618
5,698	100,340	0,325
5,731	101,686	0,360
5,765	103,117	0,412
5,798	105,509	0,483
5,831	107,460	0,516
5,865	108,864	0,540
5,898	110,685	0,703
5,931	112,398	0,847
5,965	114,199	0,727
5,998	116,606	0,639
6,031	118,547	0,795
6,065	119,819	0,599
6,098	121,906	0,554
6,131	124,109	0,555
6,165	125,960	0,588
6,198	128,262	0,646
6,231	130,182	0,709
6,265	132,128	0,756
6,298	134,062	0,779
6,331	135,992	0,795
6,365	137,980	0,807
6,398	139,855	0,788
6,431	141,971	0,984
6,465	143,894	0,814
6,498	145,826	1,009
6,531	147,815	0,927
6,565	150,114	1,309
6,598	151,828	1,407
6,631	153,900	1,189
6,664	154,818	1,526
6,698	152,149	1,419
6,731	147,740	1,857
6,764	145,025	1,841
6,798	143,055	1,737
6,831	142,718	1,587
6,864	142,183	1,708
6,898	140,096	1,841
6,931	136,862	1,611
6,964	133,558	1,534
6,998	132,700	1,615
7,031	131,040	2,968
7,064	129,313	4,213
7,098	127,568	5,334
7,131	125,817	5,682
7,164	124,487	5,124
7,198	122,726	3,510
7,231	120,612	3,121
7,264	118,084	3,636
7,298	116,973	5,195
7,331	115,624	6,026
7,364	113,419	6,390
7,398	111,889	6,168
7,431	110,586	5,928
7,464	109,237	5,523
7,498	107,641	5,890
7,531	105,927	6,520
7,564	103,926	6,682
7,598	102,637	7,042
7,631	101,189	6,889
7,664	99,404	6,853
7,697	97,809	6,988
7,731	96,581	6,768
7,764	95,072	7,078
7,797	93,578	6,879
7,831	92,361	6,814
7,864	91,239	6,279
7,897	89,996	5,837
7,931	88,414	5,696
7,964	87,256	5,370
7,997	86,214	5,490
8,031	85,404	5,224
8,064	83,811	4,324
8,097	82,422	4,084
8,131	81,887	3,973
8,164	80,438	3,935
8,197	79,188	3,261
8,231	78,088	2,907
8,264	77,072	2,546
8,297	76,059	2,309
8,331	74,865	2,154
8,364	73,391	1,537
8,397	72,219	1,677
8,431	70,540	1,261
8,464	69,788	0,781
8,497	68,689	0,340
8,531	68,029	0,000
8,564	67,158	0,198
8,597	66,017	-0,005
8,630	64,917	-0,272
8,664	63,875	-0,185
8,697	62,775	-0,510
8,730	61,856	-0,596
8,764	61,537	-0,510
8,797	60,650	-0,247
8,830	59,520	-0,166
8,864	58,796	0,208
8,897	57,724	0,231
8,930	56,651	-0,189
8,964	56,185	0,214
8,997	55,716	0,739
9,030	54,871	1,546
9,064	53,990	2,184
9,097	53,295	2,209
9,130	52,680	2,424
9,164	52,069	2,797
9,197	51,476	2,949
9,230	50,515	3,610
9,264	49,872	3,717
9,297	49,520	4,411
9,330	49,342	4,225
9,364	48,849	4,222
9,397	47,972	4,566
9,430	47,246	4,794
9,464	46,612	5,385
9,497	46,092	5,150
9,530	45,785	5,113
9,564	45,236	4,907
9,597	44,810	4,773
9,630	44,316	4,944
9,663	43,977	5,082
9,697	43,573	4,906
9,730	42,967	3,988
9,763	42,622	3,435
9,797	42,050	3,042
9,830	41,963	3,042
9,863	41,477	3,079
9,897	41,073	2,931
9,930	40,659	2,025
9,963	40,053	1,587
9,997	39,964	1,198
10,030	39,674	1,167
10,063	39,430	0,975
10,097	39,288	0,510
10,130	39,096	0,095
10,163	38,896	-0,399
10,197	38,369	-0,675
10,230	38,252	-0,501
10,263	38,125	0,059
10,297	37,896	-0,435
10,330	38,068	-0,671
10,363	37,952	-0,730
10,397	38,065	-0,499
10,430	37,744	-0,269
10,463	37,762	0,611
10,497	37,762	0,611
10,530	37,976	0,604
10,563	38,063	0,605
10,597	38,070	0,642
10,630	37,952	1,076
10,663	38,026	2,014
10,696	38,023	2,535
10,730	38,202	2,867
10,763	38,579	2,782
10,796	38,423	3,206
10,830	38,393	3,379
10,863	38,428	3,785
10,896	38,427	3,930
10,930	38,547	4,615
10,963	39,096	4,821
10,996	39,338	4,792
11,030	39,338	4,792
11,063	39,619	4,821
11,096	39,784	4,851
11,130	39,825	4,584
11,163	40,194	4,384
11,196	40,450	4,126
11,230	40,740	3,871
11,263	41,082	3,605
11,296	41,511	3,322
11,330	41,786	2,919
11,363	42,120	2,544
11,396	42,582	2,198
11,430	43,020	1,804
11,463	43,452	1,459
11,496	43,892	1,046
11,530	44,339	0,734
11,563	44,774	0,313
11,596	45,225	0,014
11,630	45,733	-0,252
11,663	46,252	-0,530
11,696	46,733	-0,711
11,729	47,297	-0,820
11,763	47,788	-0,926
11,796	48,356	-1,005
11,829	48,912	-1,005
11,863	49,514	-0,974
11,896	50,206	-0,818
11,929	50,635	-0,724
11,963	51,382	-0,515
11,996	52,118	-0,264
12,029	52,786	-0,009
12,063	53,472	0,288
12,096	54,127	0,606
12,129	54,705	0,922
12,163	55,377	1,247
12,196	55,812	1,661
12,229	56,775	2,134
12,263	57,554	2,522
12,296	58,593	2,866
12,329	59,296	3,221
12,363	60,134	3,745
12,396	61,893	4,870
12,429	62,675	5,013
12,463	63,489	5,381
12,496	64,751	5,941
12,529	65,157	5,656
12,563	65,960	6,052
12,596	66,892	6,451
12,629	67,032	6,316
12,662	68,663	6,386
12,696	69,205	6,368
12,729	70,439	6,610
12,762	71,762	6,553
12,796	72,383	6,337
12,829	73,640	6,323
12,862	74,922	6,015
12,896	76,072	5,914
12,929	76,992	5,748
12,962	78,317	5,409
12,996	79,206	4,935
13,029	80,639	4,619
13,062	81,551	4,773
13,096	82,898	4,412
13,129	83,971	4,064
13,162	84,928	3,679
13,196	85,989	3,616
13,229	88,034	2,544
13,262	88,970	2,322
13,296	89,622	2,065
13,329	91,377	2,156
13,362	92,594	1,708
13,396	93,971	1,399
13,429	95,123	1,102
13,462	96,174	1,205
13,496	97,673	0,845
13,529	98,997	0,681
13,562	100,710	0,583
13,596	101,755	0,630
13,629	103,035	0,529
13,662	104,910	0,805
13,695	106,254	0,770
13,729	107,560	0,650
13,762	109,077	0,832
13,795	110,868	0,964
13,829	112,343	0,972
13,862	113,148	1,341
13,895	115,035	1,395
13,929	116,608	1,838
13,962	118,124	2,085
13,995	119,504	2,271
14,029	121,389	2,564
14,062	122,892	2,785
14,095	124,040	3,009
14,129	125,670	3,507
14,162	127,037	3,450
14,195	128,976	3,957
14,229	130,924	4,728
14,262	132,276	4,824
14,295	134,290	5,312
14,329	136,003	5,951
14,362	137,152	6,022
14,395	139,141	6,282
14,429	140,832	6,422
14,462	142,721	6,902
14,495	144,780	7,152
14,529	146,254	7,475
14,562	147,944	7,788
14,595	149,591	8,158
14,629	151,673	8,148
14,662	153,220	8,258
14,695	154,213	9,066
14,728	152,129	8,411
14,762	149,223	8,373
14,795	147,033	8,232
14,828	145,322	7,788
14,862	144,733	7,753
14,895	142,432	8,065
14,928	140,789	7,807
14,962	139,338	7,538
14,995	138,192	6,854
15,028	136,035	4,846
15,062	133,698	3,732
15,095	132,940	3,597
15,128	131,392	4,399
15,162	130,175	4,826
15,195	128,850	4,753
15,228	127,338	3,573
15,262	125,661	1,701
15,295	124,147	0,954
15,328	122,761	-0,255
15,362	121,678	-0,435
15,395	120,490	-0,123
15,428	118,558	0,213
15,462	117,004	-0,616
15,495	115,666	-1,794
15,528	114,772	-3,079
15,562	113,063	-3,848
15,595	111,561	-4,190
15,628	110,560	-3,718
15,661	109,228	-3,385
15,695	107,910	-4,086
15,728	106,455	-4,971
15,761	105,290	-6,127
15,795	103,889	-6,743
15,828	103,017	-6,032
15,861	101,803	-5,524
15,895	100,826	-5,270
15,928	99,117	-5,135
15,961	97,732	-5,707
15,995	96,570	-6,321
16,028	95,572	-6,283
16,061	94,318	-5,606
16,095	93,836	-4,871
16,128	92,903	-4,052
16,161	91,578	-3,713
16,195	90,707	-3,797
16,228	89,646	-4,042
16,261	88,689	-3,591
16,295	87,750	-2,404
16,328	86,961	-1,706
16,361	86,240	-0,886
16,395	85,525	-0,611
16,428	84,460	-0,270
16,461	83,472	-0,120
16,495	82,794	0,852
16,528	81,917	1,728
16,561	80,718	2,697
16,595	79,907	3,005
16,628	78,823	2,977
16,661	78,377	3,262
16,694	77,184	3,147
16,728	76,687	4,458
16,761	76,055	4,953
16,794	74,891	5,269
16,828	74,239	5,547
16,861	73,794	5,046
16,894	73,407	4,436
16,928	72,563	5,004
16,961	72,129	5,067
16,994	71,852	5,453
17,028	71,160	5,037
17,061	70,381	4,146
17,094	69,930	3,319
17,128	69,242	2,721
17,161	68,612	2,826
17,194	68,613	2,857
17,228	68,529	2,401
17,261	67,682	1,702
17,294	67,320	0,399
17,328	66,659	-0,164
17,361	65,947	-0,667
17,394	65,747	-1,072
17,428	65,728	-1,550
17,461	65,439	-2,158
17,494	65,120	-3,244
17,528	64,852	-3,894
17,561	64,789	-4,242
17,594	64,474	-4,318
17,628	64,234	-4,059
17,661	64,110	-4,517
17,694	63,441	-5,215
17,727	63,190	-5,749
17,761	62,847	-6,380
17,794	62,161	-5,494
17,827	62,982	-4,947
17,861	62,512	-5,273
17,894	62,342	-5,794
17,927	61,620	-5,652
17,961	61,814	-5,477
17,994	61,782	-4,498
18,027	61,571	-3,827
18,061	61,767	-3,485
18,094	61,978	-2,529
18,127	61,752	-2,245
18,161	61,619	-1,725
18,194	61,786	-1,719
18,227	61,762	-1,394
18,261	61,376	0,178
18,294	61,132	1,065
18,327	61,634	1,545
18,361	61,632	1,848
18,394	61,725	2,437
18,427	61,784	3,391
18,461	61,883	4,270
18,494	61,772	4,747
18,527	62,193	4,363
18,561	62,429	4,798
18,594	62,638	5,080
18,627	62,570	5,557
18,660	62,645	5,854
18,694	63,382	5,967
18,727	63,281	5,461
18,760	63,802	5,399
18,794	64,174	5,708
18,827	64,544	5,515
18,860	64,436	5,102
18,894	64,523	5,103
18,927	65,252	4,445
18,960	65,864	3,581
18,994	66,160	3,055
19,027	66,511	2,385
19,060	66,781	2,492
19,094	67,152	2,103
19,127	68,025	0,679
19,160	68,397	0,161
19,194	69,363	-0,488
19,227	69,778	-0,941
19,260	70,222	-1,261
19,294	70,245	-1,413
19,327	70,951	-2,190
19,360	71,672	-3,140
19,394	72,312	-3,573
19,427	72,813	-4,004
19,460	73,141	-4,201
19,494	73,856	-4,240
19,527	74,303	-4,382
19,560	75,087	-4,854
19,594	75,423	-5,119
19,627	75,858	-5,398
19,660	76,857	-5,114
19,693	77,632	-4,090
19,727	78,153	-3,961
19,760	78,978	-4,217
19,793	79,860	-3,844
19,827	80,511	-3,840
19,860	81,281	-2,956
19,893	82,189	-2,387
19,927	82,645	-2,257
19,960	83,510	-1,797
19,993	84,119	-1,627
20,027	85,781	-0,272
20,060	86,608	0,057
20,093	86,799	0,839
20,127	88,280	1,857
20,160	88,733	2,315
20,193	89,068	2,549
20,227	89,845	3,117
20,260	90,778	3,594
20,293	91,985	4,815
20,327	92,996	5,277
20,360	93,732	5,563
20,393	94,839	6,373
20,427	96,225	6,815
20,460	97,314	6,964
20,493	98,202	7,272
20,527	99,521	7,818
20,560	100,148	8,104
20,593	101,350	8,179
20,627	102,499	8,186
20,660	103,215	8,226
20,693	104,191	8,232
20,726	105,496	8,306
20,760	107,318	8,230
20,793	108,648	7,957
20,826	109,257	7,592
20,860	110,468	7,352
20,893	112,289	7,450
20,926	113,751	7,319
20,960	114,296	6,910
20,993	115,325	6,824
21,026	116,092	5,506
21,060	117,944	5,259
21,093	120,398	4,623
21,126	121,050	4,049
21,160	122,482	4,014
21,193	123,666	2,904
21,226	124,991	2,543
21,260	126,993	2,370
21,293	128,558	1,750
21,326	129,218	1,358
21,360	131,042	0,913
21,393	132,935	0,715
21,426	134,785	-0,423
21,460	136,036	-0,620
21,493	137,319	-1,198
21,526	138,870	-1,194
21,560	140,760	-1,703
21,593	142,283	-1,776
21,626	144,258	-2,047
21,659	145,248	-2,266
21,693	146,463	-2,475
21,726	148,235	-2,482
21,759	150,404	-2,426
21,793	152,437	-2,666
21,826	153,716	-2,593
21,859	155,602	-2,872
21,893	154,862	-2,356
21,926	152,118	-1,956
21,959	150,011	-1,513
21,993	148,771	-0,979
22,026	147,923	-0,702
22,059	145,611	-0,201
22,093	143,811	-0,212
22,126	142,365	0,139
22,159	141,230	1,391
22,193	139,413	2,524
22,226	138,128	3,471
22,259	136,312	4,352
22,293	135,054	4,388
22,326	133,690	4,399
22,359	132,037	5,235
22,393	130,467	6,203
22,426	129,658	7,413
22,459	127,789	8,851
22,493	126,289	9,428
22,526	125,063	9,331
22,559	123,194	9,971
22,593	122,359	10,867
22,626	120,965	11,922
22,659	119,393	13,151
22,692	117,937	13,706
22,726	117,031	14,383
22,759	115,861	14,159
22,792	114,813	14,259
22,826	112,835	15,050
22,859	112,792	15,372
22,892	111,250	15,710
22,926	109,790	16,630
22,959	108,880	16,343
22,992	107,954	15,346
23,026	106,655	15,056
23,059	105,443	15,074
23,092	104,816	14,745
23,126	104,230	14,845
23,159	103,148	14,383
23,192	102,141	13,732
23,226	101,732	13,101
23,259	100,253	12,455
23,292	99,260	11,690
23,326	99,072	11,260
23,359	98,166	10,366
23,392	97,354	9,312
23,426	96,598	8,787
23,459	95,814	7,743
23,492	94,887	6,718
23,526	94,287	5,756
23,559	93,057	4,708
23,592	92,454	3,389
23,625	91,702	2,191
23,659	91,456	1,785
23,692	90,810	0,957
23,725	90,343	0,350
23,759	89,416	-0,653
23,792	88,720	-1,562
23,825	88,246	-2,085
23,859	87,742	-2,404
23,892	87,396	-2,536
23,925	86,795	-2,953
23,959	86,103	-3,434
23,992	85,088	-4,240
24,025	84,849	-4,177
24,059	84,401	-3,843
24,092	84,292	-3,605
24,125	84,078	-3,303
24,159	83,341	-3,394
24,192	82,840	-2,880
24,225	82,516	-3,142
24,259	81,909	-2,113
24,292	81,708	-1,117
24,325	81,204	-0,433
24,359	81,048	0,326
24,392	80,658	1,067
24,425	80,501	2,042
24,459	79,957	2,770
24,492	79,431	3,786
24,525	79,166	4,405
24,559	78,963	5,748
24,592	78,987	7,139
24,625	78,617	7,310
24,658	78,575	8,749
24,692	78,159	9,527
24,725	78,055	9,803
24,758	77,573	10,559
24,792	77,250	11,576
24,825	76,833	12,311
24,858	76,913	12,522
24,892	76,695	12,716
24,925	76,810	13,348
24,958	76,461	13,628
24,992	76,093	13,840
25,025	76,289	13,754
25,058	76,271	13,852
25,092	76,210	13,136
25,125	76,234	12,710
25,158	76,713	12,496
25,192	76,900	12,027
25,225	76,771	11,701
25,258	76,921	10,976
25,292	77,119	10,500
25,325	77,713	9,505
25,358	77,868	8,986
25,392	77,714	8,327
25,425	77,871	7,547
25,458	78,087	6,691
25,492	78,765	5,697
25,525	78,960	4,351
25,558	79,226	3,463
25,592	79,320	2,654
25,625	79,521	1,592
25,658	80,041	0,129
25,691	80,218	-0,412
25,725	80,606	-0,951
25,758	80,763	-1,753
25,791	80,824	-2,284
25,825	81,280	-2,433
25,858	81,533	-2,703
25,891	82,036	-3,394
25,925	82,593	-3,835
25,958	82,834	-4,267
25,991	83,386	-3,790
26,025	84,232	-3,872
26,058	84,193	-3,895
26,091	84,909	-3,826
26,125	84,910	-3,760
26,158	85,516	-3,583
26,191	86,397	-3,092
26,225	86,479	-2,202
26,258	87,447	-1,365
26,291	88,030	-0,906
26,325	88,035	-0,614
26,358	88,788	0,301
26,391	89,217	1,283
26,425	89,927	2,263
26,458	90,547	3,627
26,491	91,731	5,065
26,525	91,872	5,794
26,558	92,042	6,467
26,591	93,206	7,599
26,625	93,593	8,230
26,658	94,232	8,808
26,691	94,206	9,393
26,724	95,556	10,588
26,758	96,463	11,222
26,791	97,586	12,157
26,824	98,405	12,942
26,858	99,160	13,552
26,891	100,089	14,121
26,924	100,277	14,480
26,958	101,510	14,943
26,991	102,055	15,045
27,024	102,727	15,179
27,058	103,532	15,320
27,091	104,551	15,304
27,124	105,234	15,271
27,158	106,492	15,192
27,191	107,140	14,870
27,224	108,660	14,597
27,258	109,360	14,241
27,291	111,077	13,601
27,324	111,828	13,378
27,358	113,482	12,412
27,391	114,239	11,759
27,424	115,325	11,527
27,458	116,172	11,101
27,491	117,065	10,347
27,524	118,556	9,547
27,558	120,103	8,320
27,591	121,071	7,575
27,624	121,811	7,167
27,691	125,354	5,135
27,724	126,207	3,904
27,757	127,330	3,052
27,791	128,681	1,910
27,824	130,599	1,528
27,857	131,883	0,798
27,891	133,294	0,561
27,924	134,340	-0,322
27,957	135,082	-0,989
27,991	136,038	-1,200
28,024	137,573	-1,549
28,057	139,245	-1,929
28,091	140,894	-2,208
28,124	142,632	-2,718
28,157	144,542	-3,101
28,191	145,865	-3,223
28,224	146,976	-3,142
28,257	148,689	-3,067
28,324	150,979	-2,525
28,357	152,909	-2,470
28,391	154,511	-1,766
28,424	154,704	-1,483
28,457	152,898	-1,028
28,491	150,010	-0,546
28,524	149,134	-0,548
28,557	148,284	0,141
28,591	146,672	1,143
28,624	145,022	1,567
28,657	143,367	2,210
28,691	142,236	2,876
28,724	140,320	3,014
28,757	139,214	3,116
28,790	137,311	4,574
28,824	135,959	5,868
28,857	135,076	6,305
28,890	133,556	6,665
28,924	132,754	6,928
28,957	131,475	6,704
28,990	130,160	7,210
29,024	128,138	8,152
29,057	127,301	9,260
29,090	125,779	9,815
29,124	125,050	9,362
29,157	123,488	9,397
29,190	122,508	9,691
29,224	121,098	9,726
29,257	120,572	10,524
29,290	119,162	10,646
29,324	118,107	10,381
29,357	117,067	10,288
29,390	116,151	9,774
29,424	115,264	9,422
29,457	114,062	9,920
29,490	112,980	9,501
29,524	112,417	9,500
29,557	112,245	9,239
29,590	111,397	8,658
29,624	110,709	7,678
29,657	109,617	6,793
29,690	108,905	6,117
29,723	108,033	5,918
29,757	106,688	5,748
29,790	106,552	4,737
29,823	105,626	4,163
29,857	104,636	2,842
29,890	104,561	2,429
29,923	103,922	2,393
29,957	102,739	1,508
29,990	102,284	0,407
30,023	102,007	-0,310
30,057	101,039	-1,501
30,090	100,411	-1,679
30,157	98,753	-2,348
30,190	98,413	-3,456
30,223	98,033	-3,401
30,257	97,455	-4,683
30,290	96,835	-5,089
30,323	96,162	-4,876
30,357	96,034	-4,966
30,390	95,340	-4,905
30,423	95,296	-5,240
30,457	94,194	-5,832
30,490	93,948	-5,518
30,523	93,534	-5,130
30,557	93,317	-4,810
30,590	92,512	-4,424
30,623	92,543	-3,963
30,657	92,087	-3,879
30,690	91,772	-3,794
30,723	91,229	-3,667
30,756	91,307	-2,847
30,790	91,001	-2,393
30,823	90,442	-1,283
30,856	90,069	-0,613
30,890	90,089	0,015
30,923	89,979	0,275
30,956	89,695	0,899
30,990	88,992	2,348
31,023	88,624	3,116
31,056	88,553	4,114
31,090	88,792	4,777
31,123	88,466	4,905
31,156	88,411	5,068
31,190	88,301	5,414
31,223	88,292	6,429
31,256	87,941	7,120
31,290	87,751	7,991
31,323	87,598	8,142
31,356	87,973	7,797
31,390	88,037	7,971
31,423	87,965	8,344
31,456	87,965	8,344
31,490	88,072	8,990
31,523	88,201	9,078
31,556	88,316	8,941
31,590	88,622	8,466
31,623	88,845	8,325
31,656	89,544	7,549
31,690	88,840	7,834
31,723	89,100	7,727
31,756	89,021	6,950
31,789	89,437	6,237
31,823	89,691	5,779
31,856	89,807	4,565
31,889	90,239	4,011
31,923	90,329	3,426
31,956	90,624	3,154
31,989	91,087	1,877
32,023	91,592	1,899
32,056	92,116	1,251
32,089	91,737	0,674
32,123	93,514	-0,115
32,156	94,105	-0,897
32,189	94,282	-1,476
32,223	94,459	-1,629
32,256	95,046	-2,843
32,289	95,407	-3,342
32,323	95,408	-3,516
32,356	96,028	-3,935
32,389	96,378	-4,165
32,423	96,722	-4,381
32,456	97,786	-4,286
32,489	98,277	-4,738
32,523	98,768	-4,803
32,556	99,250	-4,731
32,589	99,976	-4,687
32,623	100,142	-4,404
32,656	100,574	-4,156
32,689	101,446	-3,828
32,723	102,049	-3,538
32,756	102,694	-3,303
32,789	103,339	-2,761
32,822	104,671	-2,225
32,856	104,447	-1,683
32,889	105,544	-0,880
32,922	105,958	-0,308
32,956	107,278	0,146
32,989	107,364	0,995
33,022	108,255	1,614
33,089	109,802	2,808
33,156	111,958	3,835
33,222	113,231	5,072
33,289	114,534	6,581
33,356	115,964	7,478
33,422	117,531	8,490
33,489	120,451	9,552
33,555	122,341	10,001
33,622	124,124	10,239
33,689	126,068	10,274
33,755	128,505	10,035
33,822	130,600	9,546
33,889	132,632	9,375
33,955	135,180	8,702
34,022	137,800	7,777
34,089	140,894	6,819
34,155	142,998	5,877
34,222	146,166	4,526
34,289	148,480	3,115
34,355	151,364	1,909
34,422	154,414	0,739
34,489	152,504	-0,302
34,555	149,660	-1,204
34,622	146,899	-1,917
34,689	144,537	-2,287
34,755	141,887	-2,477
34,822	139,368	-2,420
34,888	137,089	-2,027
34,955	134,661	-1,493
35,022	132,472	-0,598
35,088	130,241	0,503
35,155	128,169	1,790
35,222	125,760	3,148
35,288	124,363	4,659
35,355	122,428	5,932
35,422	120,044	7,367
35,488	118,222	8,765
35,522	117,290	9,542
35,555	116,579	10,162
35,588	115,544	10,769
35,622	114,890	11,391
35,655	114,061	11,939
35,688	113,265	12,461
35,721	112,324	12,792
35,755	111,817	13,232
35,788	110,962	13,555
35,821	110,289	13,785
35,855	109,637	14,030
35,888	108,812	14,000
35,921	108,172	14,004
35,955	107,686	13,997
35,988	106,844	13,813
36,021	106,584	13,696
36,055	106,042	13,440
36,088	105,294	12,979
36,121	105,048	12,663
36,155	104,526	12,161
36,188	104,186	11,623
36,221	103,800	11,024
36,255	103,224	10,344
36,288	102,747	9,585
36,321	102,582	8,901
36,355	102,202	8,182
36,388	101,871	7,408
36,421	101,603	6,622
36,455	101,169	5,700
36,488	100,689	4,825
36,521	101,050	3,685
36,555	100,304	2,513
36,588	99,722	1,859
36,621	99,039	1,312
36,655	99,174	0,532
36,688	98,652	-0,131
36,721	98,894	-0,537
36,754	98,648	-1,072
36,788	98,391	-1,674
36,821	97,797	-2,710
36,854	97,799	-3,036
36,888	97,713	-3,418
36,921	97,649	-3,484
36,954	97,428	-3,595
36,988	97,443	-3,519
37,021	97,336	-3,528
37,054	97,333	-3,502
37,088	97,249	-3,389
37,121	97,266	-3,111
37,154	97,249	-2,359
37,188	97,235	-2,053
37,221	97,199	-1,572
37,254	97,295	-1,042
37,288	97,345	-0,488
37,321	97,078	0,301
37,354	97,598	0,145
37,388	97,463	0,990
37,421	97,510	1,529
37,454	97,377	1,983
37,488	97,529	2,640
37,521	97,914	3,683
37,554	97,104	4,751
37,588	97,296	5,143
37,621	97,757	5,731
37,654	97,946	6,838
37,688	98,567	7,875
37,721	98,760	8,136
37,754	98,491	8,902
37,787	99,064	10,457
37,821	99,536	11,189
37,854	100,089	11,818
37,887	99,666	12,353
37,921	99,934	12,834
37,954	100,241	13,124
37,987	100,515	13,373
38,021	101,039	13,622
38,054	101,565	13,789
38,087	102,014	14,240
38,121	102,322	14,251
38,154	102,702	13,737
38,187	102,961	13,518
38,221	103,496	13,246
38,254	104,105	12,949
38,287	104,728	12,640
38,321	105,019	12,169
38,354	105,876	11,627
38,387	106,481	11,122
38,421	107,178	10,504
38,454	107,834	9,996
38,487	108,362	9,111
38,521	109,157	8,439
38,554	109,841	7,721
38,587	110,515	6,993
38,621	111,237	6,108
38,654	111,375	5,313
38,687	112,825	4,455
38,721	113,336	3,537
38,754	114,213	2,785
38,787	115,230	1,916
38,820	115,549	1,430
38,854	116,289	0,790
38,887	117,367	0,025
38,920	118,150	-0,211
38,954	118,975	-0,767
38,987	119,820	-1,304
39,020	120,676	-1,699
39,054	121,558	-2,157
39,087	122,386	-2,372
39,120	123,312	-2,713
39,154	124,181	-2,847
39,187	125,218	-2,942
39,220	126,141	-3,022
39,254	127,158	-3,008
39,287	128,181	-2,963
39,320	129,157	-2,797
39,354	130,200	-2,507
39,387	131,242	-2,184
39,420	132,244	-1,777
39,454	133,250	-1,360
39,487	134,348	-0,949
39,520	135,404	-0,423
39,554	136,486	0,159
39,587	137,558	0,840
39,620	139,127	1,318
39,654	139,996	2,197
39,687	141,114	2,818
39,720	142,121	3,607
39,753	143,030	3,997
39,787	143,900	4,738
39,820	145,143	5,597
39,853	146,704	6,342
39,887	148,149	7,523
39,920	149,064	8,622
39,953	150,254	9,348
39,987	151,620	10,037
40,020	152,769	10,638
40,053	153,016	11,334
40,087	151,948	11,839
40,120	150,187	12,173
40,153	148,735	12,488
40,187	147,492	12,775
40,220	146,109	12,974
40,253	144,853	13,163
40,287	143,615	13,174
40,320	142,311	13,172
40,353	141,183	13,117
40,387	139,933	12,868
40,420	138,736	12,594
40,453	137,597	12,309
40,487	136,598	12,020
40,520	135,709	11,697
40,553	134,660	11,156
40,587	133,712	10,612
40,620	132,812	9,983
40,653	131,704	9,338
40,687	130,751	8,615
40,720	129,854	7,868
40,753	128,946	7,051
40,786	128,063	6,218
40,820	127,126	5,302
40,853	126,048	4,241
40,886	125,940	3,434
40,920	125,223	2,449
40,953	123,746	1,271
40,986	123,131	0,545
41,020	122,317	-0,654
41,053	121,663	-1,142
41,086	120,799	-2,148
41,120	120,038	-3,135
41,153	119,454	-3,970
41,186	118,747	-4,763
41,220	117,937	-5,497
41,253	117,252	-6,263
41,286	116,618	-7,028
41,320	115,946	-7,643
41,353	115,331	-8,280
41,386	114,670	-9,140
41,420	114,036	-10,079
41,453	113,282	-10,740
41,520	112,214	-11,159
41,553	111,799	-11,125
41,586	111,445	-10,952
41,620	110,989	-10,881
41,653	110,322	-10,738
41,686	109,778	-10,285
41,720	109,393	-9,946
41,753	108,981	-9,499
41,786	108,601	-8,921
41,820	108,114	-8,180
41,853	107,743	-7,605
41,886	107,429	-6,799
41,920	107,026	-6,045
41,953	106,725	-5,206
41,986	106,236	-4,285
42,020	105,791	-3,296
42,053	106,217	-2,013
42,086	106,087	-0,784
42,119	105,348	-0,441
42,153	105,220	0,501
42,186	104,661	0,946
42,219	104,326	2,215
42,253	103,982	2,515
42,286	103,646	3,784
42,319	103,339	4,935
42,353	103,297	5,058
42,386	103,069	5,895
42,419	102,809	6,500
42,453	102,670	7,036
42,486	102,626	7,497
42,519	102,414	7,867
42,553	102,267	8,113
42,586	102,181	8,279
42,619	102,168	8,477
42,653	102,158	8,506
42,686	102,194	8,499
42,719	102,221	8,423
42,753	102,216	8,203
42,786	102,314	7,856
42,819	102,382	7,406
42,853	102,529	7,078
42,886	102,683	6,600
42,919	102,836	5,929
42,953	103,030	5,231
42,986	103,263	4,494
43,019	103,477	3,800
43,052	103,649	2,870
43,086	103,715	2,037
43,119	103,653	1,777
43,152	104,298	-0,046
43,186	104,369	-0,960
43,219	104,941	-1,576
43,252	105,692	-2,510
43,286	105,930	-3,438
43,319	105,883	-4,264
43,352	106,214	-5,061
43,386	106,583	-6,042
43,419	106,995	-6,951
43,452	107,418	-7,626
43,486	107,853	-8,387
43,519	108,237	-8,973
43,552	108,757	-9,613
43,586	109,202	-10,130
43,619	109,737	-10,598
43,652	110,176	-10,899
43,686	110,667	-11,173
43,719	111,196	-11,245
43,752	111,596	-11,319
43,786	112,157	-11,297
43,819	112,877	-11,252
43,852	113,396	-11,019
43,886	114,020	-10,739
43,919	114,765	-10,441
43,952	115,254	-10,011
43,986	116,096	-9,569
44,019	116,661	-8,937
44,052	117,411	-8,342
44,085	118,102	-7,592
44,119	118,747	-6,855
44,152	119,516	-6,227
44,185	120,268	-5,465
44,219	120,999	-4,518
44,252	121,742	-3,652
44,285	122,529	-2,804
44,319	123,445	-1,696
44,352	124,180	-1,118
44,385	125,033	-0,154
44,419	126,381	0,674
44,452	125,820	1,067
44,485	126,674	2,260
44,519	127,839	2,949
44,552	128,612	3,937
44,585	129,811	4,824
44,619	130,744	5,580
44,652	131,544	6,195
44,685	132,548	6,842
44,719	133,438	7,355
44,752	134,358	8,116
44,785	135,084	8,213
44,819	135,890	8,487
44,852	137,051	8,924
44,885	138,156	9,122
44,919	138,950	9,267
44,952	139,953	9,307
44,985	141,026	9,310
45,019	142,384	9,215
45,052	143,230	9,239
45,085	144,329	9,005
45,118	145,546	8,746
45,152	146,754	8,444
45,185	147,967	8,034
45,218	149,207	7,566
45,252	150,513	7,000
45,285	151,817	6,462
45,318	152,239	5,875
45,352	151,342	5,162
45,385	150,036	4,348
45,418	148,834	3,549
45,452	147,599	2,767
45,485	146,395	2,047
45,518	145,391	1,234
45,552	144,414	-0,131
45,585	143,458	-0,590
45,618	141,698	-1,174
45,652	140,510	-2,207
45,685	140,512	-2,658
45,718	138,971	-3,437
45,752	138,276	-3,769
45,785	137,289	-4,661
45,818	136,348	-4,994
45,852	135,262	-5,391
45,885	134,521	-5,638
45,918	133,521	-5,961
45,952	132,618	-6,191
45,985	131,771	-6,425
46,018	130,889	-6,590
46,051	130,100	-6,731
46,085	129,303	-6,723
46,118	128,451	-6,673
46,151	127,600	-6,514
46,185	126,807	-6,419
46,218	126,040	-6,161
46,251	125,305	-5,905
46,285	124,554	-5,421
46,318	123,825	-4,970
46,351	123,150	-4,439
46,385	122,494	-3,900
46,418	121,847	-3,272
46,451	120,598	-2,386
46,485	120,430	-1,691
46,518	119,947	-1,002
46,551	118,715	-0,558
46,585	118,190	0,316
46,618	117,818	0,970
46,651	117,321	1,646
46,685	117,152	2,506
46,718	116,419	3,607
46,751	115,843	3,931
46,785	115,411	5,107
46,818	114,978	5,853
46,851	114,532	6,610
46,885	113,859	7,306
46,918	113,511	8,001
46,951	112,906	8,573
46,985	112,421	9,114
47,018	112,040	9,630
47,051	111,612	10,096
47,084	111,303	10,558
47,118	110,860	10,850
47,151	110,473	11,118
47,184	110,224	11,344
47,218	109,782	11,397
47,251	110,082	11,412
47,284	109,885	11,394
47,318	108,842	11,200
47,351	108,856	11,116
47,384	108,655	10,841
47,418	108,312	10,446
47,451	108,334	10,074
47,484	108,194	9,566
47,518	108,119	9,064
47,551	108,020	8,455
47,584	107,922	7,802
47,618	107,756	7,064
47,651	107,739	6,339
47,684	107,728	5,617
47,718	107,763	4,902
47,751	107,739	4,145
47,784	107,698	3,280
47,818	107,816	1,854
47,851	107,932	0,877
47,884	107,862	0,255
47,918	108,377	-0,596
47,951	108,091	-1,584
47,984	108,106	-2,196
48,017	108,146	-2,780
48,051	108,051	-3,022
48,084	108,514	-3,421
48,117	108,695	-3,946
48,151	108,895	-4,475
48,184	109,082	-4,955
48,217	109,263	-5,396
48,251	109,536	-5,703
48,284	109,835	-5,960
48,317	110,114	-6,063
48,351	110,437	-6,155
48,384	111,563	-6,361
48,417	111,872	-6,339
48,451	112,246	-6,201
48,484	112,645	-6,029
48,517	113,098	-5,692
48,551	113,623	-5,394
48,584	113,965	-4,529
48,617	114,431	-3,990
48,651	114,818	-3,535
48,684	115,332	-2,799
48,717	115,812	-2,365
48,751	116,374	-1,838
48,784	117,082	-0,522
48,817	117,336	0,390
48,851	117,571	1,140
48,884	118,151	2,021
48,917	118,073	2,357
48,951	119,370	3,048
48,984	120,241	3,799
49,017	120,680	5,036
49,050	121,085	5,616
49,084	121,664	5,937
49,117	122,268	6,573
49,150	122,945	7,319
49,184	123,635	7,880
49,217	124,030	8,481
49,250	124,720	9,092
49,284	125,321	9,639
49,317	125,988	10,037
49,350	126,813	10,541
49,384	127,436	11,011
49,417	128,298	11,260
49,450	129,028	11,599
49,484	129,682	11,655
49,517	130,130	11,755
49,550	131,371	11,918
49,584	131,681	11,767
49,617	132,624	11,738
49,650	133,794	11,623
49,684	134,513	11,399
49,717	135,456	11,101
49,750	136,115	10,645
49,784	137,421	10,295
49,817	138,250	9,804
49,850	139,159	9,310
49,884	140,214	8,785
49,917	141,293	8,230
49,950	142,377	7,680
49,984	143,436	6,893
50,017	144,351	6,293
50,050	145,396	5,509
50,083	146,453	4,830
50,117	147,667	4,043
50,150	148,773	3,150
50,183	149,889	2,402
50,217	151,153	1,800
50,250	152,324	0,994
50,283	153,061	0,292
50,317	152,920	-0,515
50,350	151,868	-1,427
50,383	150,609	-2,093
50,417	149,490	-2,708
50,450	148,413	-3,434
50,483	147,360	-3,905
50,517	146,303	-4,857
50,550	145,272	-5,625
50,583	144,347	-6,095
50,617	143,298	-6,625
50,650	142,299	-7,115
50,683	141,542	-7,547
50,717	140,411	-8,135
50,750	139,319	-8,443
50,783	138,556	-8,972
50,817	137,575	-8,525
50,850	136,889	-9,462
50,883	135,936	-9,838
50,917	135,230	-9,724
50,950	134,245	-10,360
50,983	133,460	-9,800
51,017	132,724	-10,032
51,050	131,757	-9,411
51,083	131,281	-9,295
51,116	130,461	-8,986
51,150	129,527	-8,572
51,183	128,982	-8,273
51,216	128,278	-7,781
51,250	127,638	-7,272
51,283	127,051	-6,710
51,316	126,346	-6,205
51,350	125,630	-5,494
51,383	124,997	-4,841
51,416	124,411	-3,988
51,450	123,794	-3,378
51,483	123,206	-2,597
51,516	122,621	-1,961
51,550	121,978	-0,966
51,583	121,470	-0,588
51,616	120,705	-0,407
51,650	120,945	0,509
51,683	120,615	1,353
51,716	119,572	1,817
51,750	118,981	2,789
51,783	118,582	3,321
51,816	118,057	4,163
51,850	117,682	4,614
51,883	117,288	5,262
51,916	116,906	5,846
51,950	116,753	6,041
51,983	116,338	6,281
52,016	115,947	6,431
52,049	115,431	6,481
52,083	115,265	7,030
52,116	114,969	7,108
52,149	114,721	7,088
52,183	114,456	7,066
52,216	114,111	6,886
52,249	114,156	6,536
52,283	113,929	6,314
52,316	113,818	6,067
52,349	113,664	5,795
52,383	113,599	5,289
52,416	113,449	4,879
52,449	113,377	4,231
52,483	113,370	3,690
52,516	113,375	2,915
52,549	113,317	2,335
52,583	114,039	1,742
52,616	113,305	0,736
52,649	113,284	-0,184
52,683	113,347	-0,945
52,716	113,559	-1,503
52,749	113,715	-2,296
52,783	113,795	-2,952
52,816	113,923	-3,874
52,849	114,126	-4,581
52,883	114,152	-5,263
52,916	114,387	-5,936
52,949	114,482	-6,498
52,983	114,765	-7,223
53,016	114,977	-7,723
53,049	115,053	-8,119
53,082	115,382	-8,630
53,116	115,568	-8,851
53,149	115,981	-9,091
53,182	115,988	-9,404
53,216	116,197	-9,713
53,249	116,588	-9,679
53,282	117,094	-9,857
53,316	117,591	-9,800
53,349	117,850	-9,583
53,382	118,107	-9,384
53,416	118,508	-9,087
53,449	118,831	-8,864
53,482	119,257	-8,545
53,516	119,870	-8,194
53,549	120,251	-7,722
53,582	120,639	-7,071
53,616	121,112	-6,535
53,649	121,621	-5,908
53,682	122,140	-5,078
53,716	122,576	-4,476
53,749	123,145	-3,798
53,782	123,741	-3,051
53,816	124,290	-2,435
53,849	124,753	-1,737
53,882	125,465	-1,010
53,916	125,839	-0,314
53,949	126,414	0,428
53,982	127,131	1,150
54,016	127,754	1,709
54,049	128,302	2,474
54,082	129,124	3,128
54,115	129,748	3,956
54,149	130,372	4,533
54,182	131,080	5,087
54,215	131,784	5,611
54,249	132,544	6,065
54,282	133,223	6,415
54,315	133,982	6,696
54,349	134,735	6,944
54,382	135,538	7,318
54,415	136,340	7,420
54,449	137,140	7,516
54,482	137,956	7,520
54,515	138,804	7,511
54,549	139,697	7,496
54,582	140,627	7,279
54,615	141,577	7,037
54,649	142,488	6,875
54,682	143,428	6,467
54,715	144,473	6,194
54,749	145,433	5,800
54,782	146,503	5,340
54,815	147,561	4,794
54,849	148,577	4,293
54,882	149,756	3,658
54,915	150,886	3,108
54,949	152,228	2,431
54,982	153,119	1,851
55,015	153,187	1,088
55,048	152,488	0,425
55,082	151,417	-0,223
55,115	150,200	-1,507
55,148	149,051	-2,573
55,182	148,193	-3,214
55,215	147,146	-3,730
55,248	146,068	-4,258
55,282	145,246	-4,774
55,315	144,158	-5,085
55,348	143,182	-5,582
55,382	142,388	-5,850
55,415	141,486	-6,092
55,448	140,525	-6,325
55,482	139,936	-6,536
55,515	138,846	-6,591
55,548	137,916	-6,613
55,582	137,136	-6,666
55,615	136,462	-6,642
55,648	135,451	-6,448
55,682	134,685	-6,195
55,715	133,883	-6,034
55,748	133,177	-5,770
55,782	132,848	-5,515
55,815	132,167	-5,030
55,848	131,382	-4,771
55,882	130,832	-4,248
55,915	130,045	-3,628
55,948	129,508	-3,177
55,982	129,180	-3,089
56,015	128,737	-2,446
56,048	127,797	-1,880
56,081	127,300	-0,772
56,115	125,979	-0,205
56,148	125,303	0,694
56,181	125,557	1,149
56,215	125,321	1,664
56,248	124,455	2,492
56,281	123,636	3,552
56,315	123,373	4,151
56,348	122,822	4,696
56,381	122,659	5,105
56,415	122,071	5,832
56,448	121,909	7,031
56,481	121,482	7,629
56,515	121,113	8,090
56,548	120,706	8,571
56,581	120,327	8,973
56,615	119,929	9,181
56,648	119,559	9,472
56,681	119,226	9,690
56,715	118,843	9,908
56,748	118,293	9,622
56,781	118,120	9,412
56,815	118,054	9,509
56,848	118,040	9,467
56,881	117,878	9,368
56,915	117,359	9,018
56,948	117,101	8,528
56,981	117,274	8,894
57,015	117,059	8,403
57,048	116,943	7,901
57,081	116,726	7,427
57,114	116,833	6,867
57,148	116,848	6,538
57,181	116,699	5,573
57,214	116,795	4,984
57,248	116,761	4,234
57,281	116,853	3,586
57,314	116,918	2,358
57,348	117,019	1,708
57,381	117,144	1,278
57,414	116,855	0,626
57,448	116,748	-0,573
57,481	116,588	-1,094
57,514	116,802	-2,033
57,548	117,390	-2,420
57,581	117,637	-3,502
57,614	117,932	-3,859
57,648	118,266	-4,502
57,681	118,204	-4,925
57,714	118,545	-4,877
57,748	118,738	-5,324
57,781	119,202	-5,778
57,814	119,549	-6,321
57,848	119,645	-6,180
57,881	119,896	-6,667
57,914	120,248	-6,360
57,948	120,705	-6,270
57,981	120,962	-6,410
58,014	121,531	-5,998
58,047	121,936	-6,150
58,081	122,454	-5,802
58,114	122,994	-5,730
58,147	123,468	-5,469
58,181	123,846	-4,893
58,214	124,474	-4,569
58,247	124,962	-3,967
58,281	125,493	-3,305
58,314	126,010	-3,222
58,347	126,472	-2,987
58,381	126,899	-1,542
58,414	127,127	-0,874
58,447	127,285	-0,810
58,481	128,525	0,356
58,514	129,151	1,072
58,547	129,238	1,188
58,581	130,952	2,225
58,614	131,413	2,721
58,647	132,214	3,807
58,681	132,600	4,416
58,714	133,427	5,325
58,747	133,977	5,936
58,781	134,662	6,478
58,814	135,505	6,949
58,847	136,075	7,575
58,881	136,985	7,972
58,914	137,798	8,475
58,947	138,352	8,876
58,981	139,240	9,254
59,014	140,093	9,750
59,047	140,959	9,795
59,080	141,776	10,064
59,114	142,558	10,070
59,147	143,444	10,060
59,180	144,210	10,134
59,214	145,256	10,532
59,247	146,056	9,970
59,280	146,964	8,946
59,314	147,932	9,592
59,347	148,993	8,923
59,380	149,855	8,949
59,414	150,947	8,317
59,447	152,042	8,324
59,480	152,774	7,846
59,514	152,617	7,247
59,547	151,897	6,500
59,580	150,853	5,808
59,614	149,689	5,024
59,647	148,788	4,177
59,680	147,953	3,320
59,714	146,905	2,363
59,747	145,746	1,396
59,780	145,116	0,182
59,814	143,759	-0,782
59,847	142,691	-1,814
59,880	142,553	-3,061
59,914	141,502	-3,706
59,947	140,853	-4,582
59,980	140,160	-5,302
60,014	139,491	-6,098
60,047	138,478	-7,045
60,080	137,808	-7,847
60,113	137,018	-8,806
60,147	136,212	-9,560
60,180	135,587	-10,339
60,213	135,147	-11,057
60,247	134,196	-11,728
60,280	133,544	-12,238
60,313	133,061	-12,833
60,347	132,181	-13,164
60,380	131,610	-13,493
60,413	131,074	-13,754
60,447	130,521	-14,120
60,480	129,890	-14,157
60,513	129,417	-14,167
60,547	129,168	-14,124
60,580	128,646	-13,924
60,613	128,295	-13,672
60,647	127,565	-13,136
60,680	127,114	-12,613
60,713	126,767	-12,138
60,747	126,222	-11,424
60,780	126,144	-10,957
60,813	125,834	-10,187
60,847	125,536	-9,401
60,880	125,084	-8,422
60,913	124,715	-7,585
60,947	124,407	-6,580
60,980	124,089	-5,618
61,013	123,890	-4,689
61,046	123,759	-3,387
61,080	123,429	-2,404
61,113	123,162	-1,886
61,146	123,035	-0,886
61,180	122,870	0,119
61,213	121,877	1,803
61,246	121,716	2,085
61,280	121,178	2,984
61,313	120,983	3,769
61,346	121,273	4,693
61,380	121,068	5,470
61,413	120,838	6,087
61,446	120,727	6,777
61,480	120,571	7,311
61,513	120,444	7,814
61,546	120,434	8,282
61,580	120,327	8,552
61,613	120,278	8,790
61,646	120,213	8,881
61,680	120,200	8,886
61,713	120,191	8,894
61,746	120,185	8,707
61,780	120,193	8,466
61,813	120,320	8,137
61,846	120,489	7,788
61,880	120,657	7,310
61,913	120,751	6,785
61,946	120,955	6,161
61,980	121,154	5,478
62,013	121,320	4,722
62,046	121,556	3,820
62,079	121,804	3,031
62,113	122,067	2,002
62,146	122,320	1,098
62,179	122,899	-0,107
62,213	123,043	-1,151
62,246	123,377	-1,926
62,279	123,606	-2,791
62,313	123,889	-3,780
62,346	124,134	-4,688
62,379	124,587	-5,867
62,413	124,920	-6,796
62,446	125,415	-7,706
62,479	125,846	-8,470
62,513	126,108	-9,348
62,546	126,545	-9,539
62,579	126,915	-10,868
62,613	127,546	-11,048
62,646	128,040	-12,126
62,679	128,349	-12,435
62,713	129,083	-13,108
62,746	129,506	-13,645
62,779	130,059	-13,524
62,813	130,743	-13,510
62,846	131,340	-13,755
62,879	131,885	-14,280
62,913	132,802	-13,136
62,946	133,580	-13,668
62,979	133,963	-12,593
63,013	134,885	-12,305
63,046	135,694	-11,317
63,079	136,399	-10,796
63,112	137,044	-10,245
63,146	137,816	-9,683
63,179	138,662	-9,060
63,212	139,436	-8,039
63,246	140,212	-7,536
63,279	140,931	-6,539
63,312	141,740	-5,710
63,346	142,649	-4,494
63,379	143,571	-3,442
63,412	144,413	-2,278
63,446	145,319	-1,204
63,479	146,251	-0,269
63,512	147,018	0,821
63,546	147,811	1,865
63,579	148,727	2,591
63,612	149,698	3,649
63,646	150,555	4,503
63,679	151,574	5,221
63,712	152,481	6,249
63,746	153,413	7,299
63,779	153,796	7,855
63,812	153,471	8,485
63,846	152,630	9,152
63,879	151,406	9,652
63,912	150,122	10,173
63,946	149,242	10,690
63,979	148,277	11,115
64,012	147,175	11,601
64,045	146,282	11,897
64,079	145,423	12,164
64,112	144,378	12,379
64,145	143,563	12,600
64,179	142,768	12,688
64,212	141,733	12,762
64,245	140,971	12,671
64,279	140,242	12,660
64,312	139,301	12,440
64,345	138,685	12,320
64,379	137,972	11,912
64,412	137,097	11,956
64,445	136,555	11,170
64,479	135,789	10,710
64,512	135,248	10,286
64,545	134,617	9,520
64,579	134,168	9,171
64,612	133,474	8,462
64,645	132,912	7,774
64,679	132,456	7,160
64,712	131,885	6,406
64,745	131,387	5,608
64,779	130,949	4,970
64,812	130,467	4,176
64,845	130,168	3,413
64,879	130,090	2,848
64,912	129,637	1,746
64,945	129,309	1,036
64,979	128,973	0,249
65,012	128,256	-0,434
65,045	127,751	-1,182
65,078	127,393	-1,865
65,112	126,914	-2,464
65,145	126,621	-3,225
65,178	126,335	-3,609
65,212	126,067	-4,131
65,245	125,746	-4,548
65,278	125,424	-5,085
65,312	125,254	-5,308
65,345	124,971	-5,681
65,378	124,785	-5,603
65,412	124,608	-6,486
65,445	124,514	-5,658
65,478	124,313	-5,542
65,512	124,096	-5,461
65,545	124,005	-5,442
65,578	123,929	-5,085
65,612	123,860	-4,662
65,645	123,816	-4,403
65,678	123,791	-4,092
65,712	123,762	-3,515
65,745	123,778	-2,957
65,778	123,709	-2,314
65,812	123,740	-1,744
65,845	123,815	-1,177
65,878	123,841	-0,448
65,912	123,939	0,251
65,945	123,903	0,892
65,978	124,068	1,796
66,011	124,111	2,382
66,045	124,087	3,268
66,078	124,022	4,072
66,111	124,092	5,034
66,145	124,201	5,783
66,178	124,299	6,569
66,211	124,366	7,344
66,245	124,547	7,982
66,278	124,743	8,720
66,311	124,999	9,122
66,345	125,174	9,675
66,378	125,183	10,251
66,411	125,343	10,764
66,445	125,568	11,056
66,478	125,739	11,332
66,511	126,063	11,581
66,545	126,425	11,793
66,578	126,694	11,948
66,611	126,998	11,945
66,645	127,227	11,646
66,678	127,813	11,481
66,711	128,090	11,378
66,745	128,705	11,249
66,778	129,016	11,013
66,811	129,481	10,747
66,845	129,821	10,319
66,878	130,428	9,880
66,911	130,894	9,467
66,945	131,460	8,977
66,978	131,978	8,423
67,011	132,532	7,850
67,044	133,147	7,161
67,078	133,819	6,503
67,111	134,395	5,850
67,144	135,052	5,110
67,178	135,736	4,348
67,211	136,424	3,519
67,244	137,044	2,739
67,278	138,139	1,837
67,311	138,294	1,495
67,344	138,455	0,411
67,378	139,626	-0,360
67,411	140,816	-0,818
67,444	141,523	-1,563
67,478	142,044	-2,386
67,511	143,140	-2,991
67,544	144,363	-3,632
67,578	145,303	-4,210
67,611	146,231	-4,750
67,644	146,769	-5,073
67,678	147,466	-5,365
67,711	148,840	-5,931
67,744	149,662	-6,225
67,778	150,706	-6,401
67,811	151,443	-6,443
67,844	152,446	-6,566
67,878	153,311	-6,535
67,911	153,577	-6,589
67,944	153,321	-6,578
67,978	152,484	-6,175
68,011	151,488	-5,908
68,044	150,320	-5,720
68,077	149,490	-5,449
68,111	148,828	-5,201
68,144	147,887	-4,927
68,177	146,865	-4,404
68,211	146,243	-4,028
68,244	145,246	-3,495
68,277	144,416	-3,167
68,311	143,658	-2,649
68,344	142,804	-2,158
68,377	142,007	-1,647
68,411	141,318	-1,133
68,444	140,477	-0,717
68,477	139,668	-0,252
68,511	139,019	0,195
68,544	138,268	0,680
68,577	137,531	1,180
68,611	136,926	1,612
68,644	136,260	1,958
68,677	135,661	2,221
68,711	134,975	2,538
68,744	134,584	2,958
68,777	133,928	3,234
68,811	133,408	3,495
68,844	132,516	3,977
68,877	132,515	4,029
68,911	131,986	4,025
68,944	131,263	4,021
68,977	130,804	4,488
69,010	129,771	4,586
69,044	129,725	4,621
69,077	129,312	4,567
69,110	129,095	4,302
69,144	128,817	4,541
69,177	128,525	4,404
69,210	127,901	3,999
69,244	127,760	4,011
69,277	127,263	3,705
69,310	127,063	3,343
69,344	126,850	2,777
69,377	126,677	2,368
69,410	126,485	1,933
69,444	126,098	1,605
69,477	126,188	1,128
69,510	125,968	0,670
69,544	125,819	0,170
69,577	125,952	0,280
69,610	125,588	-0,525
69,644	125,958	-0,940
69,677	125,916	-1,178
69,710	125,594	-1,712
69,744	125,727	-2,329
69,777	125,216	-3,022
69,810	125,327	-3,277
69,844	125,325	-3,598
69,877	125,368	-4,092
69,910	125,411	-4,522
69,944	125,472	-4,898
69,977	125,890	-5,224
70,010	125,957	-5,541
70,043	126,145	-5,672
70,077	126,245	-5,894
70,110	125,954	-6,179
70,143	126,126	-6,404
70,177	126,288	-6,501
70,210	126,477	-6,620
70,243	127,090	-6,608
70,277	127,330	-6,608
70,310	127,148	-6,682
70,343	127,425	-6,579
70,377	127,666	-6,449
70,410	127,928	-6,232
70,443	128,241	-6,076
70,477	128,540	-5,833
70,510	128,862	-5,580
70,543	129,150	-5,248
70,577	129,495	-4,885
70,610	129,871	-4,552
70,643	130,241	-4,104
70,677	130,584	-3,645
70,710	131,031	-3,218
70,743	131,443	-2,776
70,777	131,825	-2,237
70,810	132,258	-1,741
70,843	132,688	-1,309
70,877	133,094	-0,805
70,910	133,532	-0,319
70,943	134,107	0,077
70,977	134,696	0,625
71,010	135,240	1,112
71,043	135,538	1,423
71,076	136,074	1,810
71,110	136,411	2,168
71,143	137,263	2,593
71,176	137,784	2,940
71,210	138,379	3,223
71,243	139,032	3,514
71,276	140,043	3,820
71,310	140,301	3,840
71,343	140,919	4,153
71,376	141,545	4,080
71,410	142,164	4,238
71,443	142,881	4,410
71,476	143,346	4,464
71,510	144,119	4,307
71,543	145,410	4,418
71,576	146,482	4,632
71,610	146,990	4,359
71,643	147,676	4,258
71,676	148,299	3,939
71,710	149,577	3,631
71,743	150,176	3,543
71,776	151,091	3,375
71,810	151,870	3,060
71,843	152,226	2,738
71,876	152,117	2,348
71,910	151,518	1,993
71,943	150,595	1,517
71,976	149,562	1,209
72,010	148,804	0,750
72,043	147,969	0,443
72,076	147,029	0,097
72,109	146,423	-0,274
72,143	145,704	-0,582
72,176	144,954	-0,893
72,209	144,243	-1,170
72,243	143,604	-1,404
72,276	142,961	-1,638
72,309	142,068	-1,755
72,343	141,635	-1,958
72,376	140,871	-2,038
72,409	140,401	-2,190
72,443	139,835	-2,233
72,476	139,207	-2,245
72,509	138,579	-2,239
72,543	138,094	-2,231
72,576	137,605	-2,220
72,609	137,079	-2,160
72,643	136,492	-1,981
72,676	135,933	-1,756
72,709	135,686	-1,678
72,743	135,192	-1,474
72,776	134,700	-1,215
72,809	134,224	-0,952
72,843	133,822	-0,711
72,876	133,548	-0,447
72,909	133,320	-0,168
72,943	132,813	0,288
72,976	132,539	0,606
73,009	132,220	0,901
73,042	131,792	1,289
73,076	131,286	2,024
73,109	130,947	2,488
73,142	130,668	2,901
73,176	130,159	3,313
73,209	129,904	3,588
73,242	129,568	4,038
73,276	129,236	4,191
73,309	129,149	4,660
73,342	128,687	4,980
73,376	128,593	5,221
73,409	128,333	5,452
73,442	127,940	5,633
73,476	127,964	6,047
73,509	127,847	6,291
73,542	127,681	6,516
73,576	128,221	6,970
73,609	128,100	7,161
73,642	127,738	7,254
73,676	127,667	7,264
73,709	127,643	7,278
73,742	127,612	7,275
73,776	127,506	7,289
73,809	127,516	7,242
73,842	127,558	7,045
73,876	127,583	6,975
73,909	127,645	6,751
73,942	127,762	6,537
73,976	127,434	5,838
74,009	127,471	5,556
74,042	127,665	5,274
74,075	127,782	4,984
74,109	128,406	5,021
74,142	128,607	4,673
74,175	128,322	3,976
74,209	128,591	3,548
74,242	128,855	3,181
74,275	129,195	2,820
74,309	129,608	2,145
74,342	130,228	1,856
74,409	131,192	1,207
74,442	131,488	0,721
74,475	131,620	0,505
74,509	131,919	-0,469
74,542	132,025	-0,470
74,575	132,187	-0,469
74,609	132,934	-0,752
74,642	133,457	-1,140
74,675	133,907	-1,750
74,709	134,333	-2,171
74,742	134,971	-1,769
74,775	135,377	-1,812
74,809	136,246	-1,966
74,842	136,539	-2,038
74,875	137,301	-2,240
74,909	137,781	-2,261
74,942	138,430	-2,255
74,975	139,239	-2,211
75,008	139,546	-2,085
75,042	140,369	-2,013
75,075	141,126	-1,956
75,108	141,603	-1,768
75,142	142,497	-1,654
75,175	143,178	-1,431
75,208	143,727	-1,030
75,242	144,683	-0,959
75,275	145,414	-0,631
75,308	146,031	-0,434
75,342	147,044	-0,367
75,375	147,706	-0,008
75,408	148,666	0,249
75,442	149,498	0,658
75,475	150,400	0,968
75,508	151,252	1,292
75,542	152,185	1,747
75,575	153,161	2,175
75,608	153,838	2,580
75,642	154,065	2,916
75,675	153,762	3,179
75,708	152,977	3,408
75,742	151,956	3,757
75,775	151,015	4,000
75,808	150,194	4,247
75,842	149,318	4,454
75,875	148,389	4,506
75,908	147,500	4,536
75,942	146,900	4,552
75,975	145,971	4,625
76,008	145,257	4,549
76,041	144,504	4,529
76,075	143,636	4,288
76,108	142,737	4,100
76,141	142,339	3,950
76,175	141,590	3,720
76,208	140,891	3,464
76,241	140,268	3,144
76,275	139,585	2,697
76,308	139,211	2,325
76,341	138,529	1,895
76,375	137,798	1,401
76,408	137,540	1,143
76,441	136,894	0,574
76,475	136,402	0,075
76,508	136,044	-0,454
76,541	135,617	-0,928
76,575	135,007	-1,428
76,608	134,543	-1,910
76,641	134,132	-2,438
76,675	133,723	-3,023
76,708	133,400	-3,557
76,741	132,986	-4,063
76,775	132,189	-4,756
76,808	132,238	-5,218
76,841	131,984	-5,891
76,875	131,712	-5,705
76,908	131,303	-6,482
76,941	130,865	-6,938
76,975	130,299	-7,199
77,008	130,219	-7,433
77,041	130,425	-7,277
77,074	130,026	-7,844
77,108	130,145	-8,077
77,141	129,943	-8,276
77,174	129,801	-8,344
77,208	129,731	-8,338
77,241	129,781	-8,282
77,274	129,801	-8,170
77,308	129,589	-7,993
77,341	129,766	-7,867
77,374	129,773	-7,671
77,408	129,837	-7,402
77,441	129,775	-6,940
77,474	129,933	-6,801
77,508	130,009	-6,518
77,541	129,949	-6,049
77,574	130,081	-5,685
77,608	130,166	-5,245
77,641	130,320	-4,727
77,674	130,385	-4,244
77,708	130,415	-3,790
77,741	130,637	-2,945
77,774	130,865	-2,576
77,808	130,746	-2,260
77,841	130,880	-1,592
77,874	130,850	-0,788
77,908	130,846	-0,144
77,941	130,901	0,222
77,974	131,013	0,591
78,007	131,036	0,652
78,041	131,333	0,953
78,074	131,490	1,392
78,107	132,201	1,856
78,141	132,711	2,163
78,174	133,399	2,512
78,207	133,771	2,978
78,241	134,162	3,003
78,274	134,510	3,293
78,307	134,949	3,019
78,374	135,576	2,590
78,407	135,980	2,606
78,441	136,318	2,649
78,474	136,762	2,489
78,507	137,107	2,483
78,541	137,689	2,124
78,574	138,202	1,602
78,607	138,634	1,091
78,641	139,181	0,775
78,674	139,743	0,066
78,707	140,244	-0,391
78,741	140,835	-0,838
78,774	141,433	-1,281
78,807	141,964	-1,549
78,841	142,532	-1,934
78,874	143,126	-2,482
78,907	143,836	-2,954
78,941	144,600	-3,384
78,974	145,305	-3,849
79,007	145,844	-4,333
79,040	146,577	-4,837
79,074	147,407	-5,371
79,107	148,229	-5,879
79,140	149,096	-6,404
79,174	149,937	-6,875
79,207	150,686	-7,400
79,240	151,614	-7,887
79,274	152,495	-8,361
79,307	152,758	-8,740
79,340	152,733	-9,083
79,374	152,245	-9,360
79,407	151,438	-9,694
79,440	150,398	-9,804
79,474	149,784	-9,921
79,507	149,091	-10,032
79,540	148,304	-10,034
79,574	147,595	-10,033
79,607	147,071	-9,949
79,640	146,328	-9,737
79,674	145,653	-9,511
79,707	145,092	-9,252
79,740	144,474	-8,967
79,774	143,803	-8,510
79,807	143,426	-8,179
79,840	142,885	-7,709
79,874	142,358	-7,170
79,907	141,886	-6,639
79,940	141,359	-6,040
79,974	140,884	-5,299
80,007	140,432	-4,837
80,040	140,006	-4,289
80,073	139,585	-3,556
80,107	139,196	-2,832
80,140	138,770	-2,228
80,173	138,298	-1,679
80,207	137,906	-0,864
80,240	137,150	0,412
80,273	136,633	1,167
80,307	136,786	1,631
80,340	136,467	2,246
80,373	136,079	2,965
80,407	135,788	3,446
80,440	135,489	4,023
80,473	135,172	4,571
80,507	134,912	5,025
80,540	134,699	6,185
80,573	134,301	6,549
80,607	134,049	6,519
80,640	133,718	6,847
80,673	133,481	7,018
80,707	133,105	7,147
80,740	133,061	7,285
80,773	132,845	7,317
80,807	132,523	7,283
80,840	132,413	7,257
80,873	132,198	7,039
80,907	132,001	6,816
80,940	131,923	6,594
80,973	131,898	6,262
81,007	131,867	5,914
81,040	131,703	5,440
81,073	131,681	4,984
81,106	131,742	4,540
81,140	131,721	3,990
81,173	131,697	3,376
81,206	131,717	2,815
81,240	131,694	2,086
81,273	131,857	1,455
81,306	131,998	0,802
81,340	131,662	0,295
81,373	131,776	-0,434
81,406	131,883	-1,083
81,440	131,779	-1,996
81,473	131,914	-2,512
81,506	132,318	-2,912
81,540	132,282	-3,529
81,573	132,526	-3,989
81,606	133,397	-5,496
81,640	133,631	-6,090
81,673	133,854	-6,684
81,706	134,145	-7,203
81,740	134,449	-7,715
81,773	134,788	-8,224
81,806	135,182	-8,504
81,840	135,534	-8,826
81,873	135,922	-9,176
81,906	136,352	-9,436
81,940	136,816	-9,595
81,973	137,364	-9,691
82,006	137,765	-9,831
82,039	138,261	-9,847
82,073	138,829	-9,762
82,106	139,318	-9,624
82,139	139,966	-9,534
82,173	140,579	-9,292
82,206	141,162	-8,955
82,239	141,722	-8,580
82,273	142,394	-8,258
82,306	143,012	-7,951
82,339	143,776	-7,408
82,373	144,517	-6,883
82,406	145,123	-6,295
82,439	145,753	-5,682
82,473	146,558	-5,142
82,506	147,268	-4,490
82,539	148,154	-3,865
82,573	148,962	-3,101
82,606	149,766	-2,547
82,639	150,598	-2,055
82,673	151,307	-1,346
82,706	152,237	-0,612
82,739	153,074	0,003
82,773	153,906	0,595
82,806	154,166	1,241
82,839	154,116	1,840
82,873	153,788	2,630
82,906	153,029	3,144
82,939	152,253	3,387
82,973	151,326	3,713
83,006	150,436	4,123
83,039	149,645	4,380
83,072	148,680	4,540
83,106	147,905	4,596
83,139	147,880	5,427
83,172	147,114	5,379
83,206	146,464	5,285
83,239	145,706	5,078
83,272	144,986	4,878
83,306	144,390	4,573
83,339	143,899	4,253
83,372	143,183	3,763
83,406	142,590	3,274
83,439	142,098	2,725
83,472	141,554	2,188
83,506	141,066	1,577
83,539	140,537	0,921
83,572	140,283	0,651
83,606	139,301	0,234
83,639	138,529	-0,878
83,672	137,921	-1,495
83,706	137,801	-2,028
83,739	137,665	-2,649
83,772	136,687	-3,680
83,806	136,359	-4,508
83,839	136,569	-6,275
83,872	136,216	-7,042
83,906	135,872	-7,784
83,939	135,617	-8,617
83,972	135,326	-9,393
84,005	135,099	-10,179
84,039	134,841	-10,807
84,072	134,614	-11,338
84,105	134,371	-11,928
84,139	134,179	-12,615
84,172	134,019	-13,141
84,205	133,930	-13,524
84,239	133,793	-13,877
84,272	133,636	-14,198
84,305	133,591	-14,435
84,339	133,457	-14,553
84,372	133,557	-14,712
84,405	133,541	-14,720
84,439	133,578	-14,707
84,472	133,525	-14,524
84,505	133,688	-14,389
84,539	133,794	-14,124
84,572	133,808	-13,718
84,605	134,044	-13,396
84,639	134,138	-12,911
84,672	134,333	-12,399
84,705	134,492	-11,857
84,739	134,676	-11,256
84,772	134,899	-10,550
84,805	135,126	-9,812
84,839	135,370	-9,059
84,872	135,627	-8,264
84,905	135,893	-7,418
84,939	136,126	-6,650
84,972	136,401	-5,850
85,005	136,536	-4,106
85,038	136,305	-3,587
85,072	136,685	-2,948
85,105	137,002	-1,547
85,138	137,533	-0,729
85,172	137,332	0,148
85,205	137,431	0,898
85,238	137,358	2,134
85,272	138,796	2,641
85,305	138,893	2,674
85,338	138,846	3,466
85,372	139,428	4,055
85,405	139,952	4,565
85,438	140,387	5,069
85,472	140,770	5,348
85,505	141,189	5,626
85,538	141,685	5,862
85,572	142,223	6,026
85,605	142,706	6,137
85,638	143,246	6,142
85,672	143,778	6,140
85,705	144,266	5,971
85,738	144,867	5,837
85,772	145,421	5,611
85,805	145,970	5,210
85,838	146,589	4,825
85,872	147,209	4,378
85,905	147,817	3,883
85,938	148,469	3,318
85,972	149,118	2,771
86,005	149,818	2,075
86,038	150,433	1,455
86,071	151,132	0,710
86,105	151,940	-0,063
86,138	152,705	-0,833
86,171	153,193	-1,611
86,205	153,235	-2,550
86,238	152,843	-3,331
86,271	152,156	-3,981
86,305	151,325	-4,731
86,338	150,527	-5,457
86,371	149,642	-6,100
86,405	148,718	-6,461
86,438	148,117	-7,026
86,471	147,288	-7,821
86,505	146,596	-8,318
86,538	145,641	-8,729
86,571	144,861	-9,110
86,605	144,086	-9,691
86,638	143,509	-10,013
86,671	142,904	-10,249
86,705	142,719	-10,248
86,738	142,464	-10,365
86,771	141,870	-10,427
86,805	141,538	-10,412
86,838	140,865	-10,203
86,871	140,361	-9,995
86,905	140,084	-9,716
86,938	139,796	-9,470
86,971	139,160	-9,055
87,004	139,128	-8,677
87,038	138,708	-8,201
87,071	138,397	-7,539
87,104	138,303	-6,931
87,138	137,853	-6,202
87,171	137,795	-5,619
87,204	137,600	-4,595
87,238	137,431	-3,858
87,271	137,259	-2,846
87,304	137,296	-2,190
87,338	136,845	-1,317
87,371	136,512	-0,499
87,404	136,066	0,205
87,438	136,471	0,986
87,471	136,046	2,140
87,504	136,040	2,668
87,538	135,947	3,502
87,571	135,578	4,263
87,604	135,132	4,990
87,638	135,170	6,416
87,671	134,989	6,470
87,704	134,755	7,205
87,738	134,733	8,059
87,771	134,593	8,472
87,804	135,318	8,644
87,838	135,193	9,058
87,871	135,249	9,380
87,904	135,272	9,637
87,938	135,213	9,828
87,971	135,268	9,989
88,004	135,300	9,994
88,037	135,389	9,967
88,071	135,423	9,833
88,104	135,553	9,722
88,137	135,673	9,450
88,171	135,772	9,180
88,204	135,912	8,751
88,237	136,059	8,254
88,271	136,235	7,762
88,304	136,428	7,285
88,337	136,883	6,583
88,371	137,038	5,981
88,404	137,264	5,319
88,437	137,501	4,285
88,504	137,795	3,478
88,537	137,941	2,668
88,571	138,237	1,684
88,604	138,067	0,821
88,637	138,277	-0,251
88,671	138,609	-1,526
88,704	138,960	-2,104
88,737	139,382	-2,918
88,771	139,443	-3,382
88,804	139,890	-4,357
88,837	140,657	-5,199
88,871	141,410	-5,815
88,904	141,710	-6,459
88,937	142,040	-7,170
88,971	142,483	-7,701
89,004	142,919	-8,197
89,037	143,494	-8,693
89,070	144,115	-9,061
89,104	144,988	-9,482
89,137	145,239	-9,727
89,170	145,948	-9,980
89,204	146,294	-10,051
89,237	147,298	-10,234
89,270	148,009	-10,239
89,304	148,881	-10,220
89,337	149,735	-10,168
89,370	150,204	-9,964
89,404	150,990	-9,688
89,437	151,808	-9,408
89,470	152,473	-9,171
89,504	152,459	-8,693
89,537	152,166	-8,134
89,570	151,612	-7,595
89,604	150,719	-7,061
89,637	150,132	-6,496
89,670	149,564	-5,834
89,704	148,858	-5,125
89,737	148,364	-4,603
89,770	147,591	-3,917
89,804	147,171	-3,370
89,837	146,497	-2,690
89,870	146,020	-1,938
89,904	145,436	-1,205
89,937	145,072	-0,804
89,970	144,435	-0,210
90,004	143,964	0,382
90,037	143,497	0,933
90,070	143,012	1,433
90,103	142,567	1,939
90,137	142,088	2,405
90,170	141,689	2,754
90,203	141,248	3,078
90,237	140,846	3,510
90,270	140,444	3,673
90,303	140,090	3,878
90,337	139,711	4,050
90,370	139,373	4,093
90,403	139,007	4,113
90,437	138,655	4,072
90,470	138,369	4,060
90,503	138,051	3,894
90,537	137,841	3,749
90,570	137,568	3,530
90,603	137,289	3,127
90,637	137,001	2,734
90,670	136,802	2,631
90,703	136,576	2,146
90,737	136,374	1,854
90,770	136,256	1,239
90,803	136,115	0,685
90,837	135,936	0,095
90,870	135,875	-0,297
90,903	136,108	-1,446
90,937	135,649	-0,967
90,970	135,954	-2,108
91,003	136,010	-2,886
91,036	135,645	-3,441
91,070	135,523	-4,540
91,103	135,249	-5,002
91,136	135,501	-5,326
91,170	135,826	-5,831
91,203	135,583	-6,060
91,236	135,771	-6,703
91,270	135,226	-7,660
91,303	135,337	-8,180
91,336	135,399	-8,667
91,370	135,537	-9,152
91,403	135,565	-9,523
91,436	135,640	-9,833
91,470	136,027	-10,222
91,503	136,212	-10,492
91,536	136,425	-10,717
91,570	136,422	-10,799
91,603	136,912	-11,018
91,636	137,172	-11,049
91,670	137,426	-11,048
91,703	137,825	-11,034
91,736	138,299	-10,960
91,770	138,506	-10,786
91,803	138,777	-10,546
91,836	139,217	-10,300
91,870	139,691	-9,997
91,903	140,259	-9,699
91,936	140,608	-9,239
91,970	141,333	-8,913
92,003	141,804	-8,427
92,036	142,336	-7,904
92,069	142,885	-7,379
92,103	143,432	-6,847
92,136	144,112	-6,304
92,169	144,566	-5,595
92,203	145,252	-5,054
92,236	145,799	-4,344
92,269	146,472	-3,759
92,303	147,160	-3,221
92,336	147,858	-2,638
92,369	148,714	-2,909
92,403	149,299	-2,675
92,436	150,074	-2,123
92,469	150,720	-1,430
92,503	151,590	-0,843
92,536	152,322	-0,318
92,569	152,996	0,185
92,603	153,634	0,864
92,636	153,993	1,515
92,669	153,756	2,068
92,703	153,431	2,661
92,736	152,547	3,537
92,769	151,755	3,850
92,803	150,993	4,173
92,836	150,259	4,333
92,869	149,736	4,635
92,903	148,990	4,856
92,936	148,440	4,963
92,969	147,717	4,899
93,002	147,178	4,406
93,036	146,604	3,797
93,069	146,043	3,990
93,102	145,354	4,461
93,136	144,692	4,331
93,169	144,182	4,403
93,202	143,724	4,782
93,236	143,201	5,035
93,269	142,678	5,358
93,302	142,230	5,130
93,336	141,749	4,972
93,369	141,288	4,667
93,402	140,951	4,354
93,436	140,522	4,060
93,469	140,064	3,752
93,502	139,694	3,301
93,536	139,348	2,979
93,569	139,087	2,567
93,602	138,737	2,252
93,636	138,533	1,930
93,669	138,114	1,647
93,702	137,818	1,170
93,736	137,893	0,730
93,769	137,465	-0,052
93,802	137,539	-0,311
93,836	137,463	-1,255
93,869	137,389	-1,282
93,902	137,349	-1,324
93,936	137,213	-1,734
93,969	136,929	-2,268
94,002	136,884	-2,728
94,035	136,559	-3,181
94,069	136,343	-3,460
94,102	136,140	-3,830
94,135	136,268	-3,969
94,169	136,228	-4,092
94,202	136,600	-3,897
94,235	135,947	-4,311
94,269	136,008	-4,464
94,302	136,089	-4,177
94,435	136,913	-3,358
94,469	137,024	-2,965
94,502	137,154	-2,878
94,535	137,441	-2,632
94,569	137,590	-2,198
94,602	137,780	-1,927
94,635	138,191	-1,686
94,669	138,400	-1,181
94,702	138,961	-0,679
94,735	139,061	-0,541
94,769	139,514	-0,213
94,802	139,875	0,264
94,835	140,177	0,548
94,869	140,606	0,914
94,902	140,843	1,327
94,935	141,607	1,711
94,969	141,952	2,016
95,002	142,077	2,303
95,035	142,334	2,955
95,068	142,613	3,543
95,102	143,090	3,654
95,135	143,475	3,945
95,168	143,987	4,549
95,202	144,634	5,029
95,235	145,096	5,321
95,268	145,665	5,542
95,302	146,243	5,777
95,335	146,799	6,187
95,368	147,036	6,406
95,402	147,631	6,762
95,435	148,367	6,983
95,468	149,047	7,115
95,502	149,420	6,402
95,535	150,290	5,981
95,568	150,932	5,732
95,602	151,526	5,821
95,635	152,333	6,049
95,668	152,801	6,283
95,702	152,935	6,852
95,735	153,271	7,353
95,768	153,156	7,306
95,802	152,352	7,554
95,835	151,745	7,690
95,868	150,786	7,646
95,902	149,968	7,619
95,935	149,510	7,285
95,968	148,955	6,988
96,002	148,106	6,708
96,035	147,519	6,391
96,068	146,865	5,720
96,102	145,870	5,257
96,135	145,571	4,434
96,168	145,294	4,108
96,202	144,581	3,078
96,235	144,049	2,387
96,268	143,680	1,597
96,302	143,188	0,813
96,335	142,683	0,196
96,368	142,337	-0,669
96,401	141,792	-1,271
96,435	141,479	-2,010
96,468	141,049	-2,629
96,501	140,836	-3,527
96,535	140,308	-4,646
96,568	139,849	-5,436
96,601	139,521	-6,817
96,635	139,191	-7,314
96,668	139,109	-8,091
96,701	138,889	-8,526
96,735	138,496	-8,623
96,768	138,179	-8,676
96,801	138,028	-8,955
96,835	137,821	-9,234
96,868	137,705	-8,800
96,901	137,629	-8,787
96,935	137,539	-8,639
96,968	137,572	-8,611
97,001	137,407	-8,390
97,035	137,489	-8,117
97,068	137,577	-7,914
97,101	137,272	-7,479
97,135	137,332	-7,157
97,168	137,579	-6,772
97,201	137,537	-6,306
97,235	137,512	-5,847
97,268	137,633	-5,183
97,301	137,808	-4,566
97,335	137,845	-3,993
97,368	137,993	-3,423
97,401	138,125	-2,583
97,434	138,389	-1,890
97,468	138,536	-1,289
97,501	138,630	-0,670
97,534	138,466	-0,034
97,568	138,591	0,910
97,601	138,699	1,409
97,634	139,185	1,834
97,668	139,483	2,708
97,701	140,227	3,395
97,734	140,224	3,975
97,768	140,383	4,594
97,801	140,696	5,221
97,834	141,182	5,582
97,868	141,552	6,011
97,901	141,945	7,010
97,934	142,302	7,403
97,968	142,605	7,687
98,001	142,819	8,049
98,034	143,233	8,260
98,068	143,401	8,531
98,101	144,028	8,665
98,134	144,595	8,766
98,168	144,479	8,601
98,201	145,112	8,601
98,234	145,397	8,100
98,268	146,272	7,771
98,301	146,434	7,586
98,334	146,987	7,235
98,368	147,563	6,953
98,401	148,208	6,676
98,434	148,733	6,228
98,467	149,117	5,878
98,501	149,700	5,260
98,534	150,370	4,699
98,567	150,868	4,134
98,601	151,687	3,345
98,634	152,183	2,557
98,667	152,548	1,673
98,701	152,682	0,854
98,734	152,377	0,480
98,767	151,818	-0,225
98,801	151,142	-0,830
98,834	150,337	-1,541
98,867	149,602	-1,926
98,901	148,952	-2,418
98,934	148,330	-3,017
98,967	147,757	-3,565
99,001	147,045	-3,914
99,034	146,524	-4,178
99,067	145,841	-4,690
99,101	145,313	-4,955
99,134	144,800	-5,205
99,167	144,273	-5,364
99,201	143,975	-5,217
99,234	143,756	-4,902
99,267	143,138	-4,116
99,301	142,789	-3,988
99,334	142,460	-3,995
99,367	141,923	-3,871
99,400	141,791	-3,795
99,434	141,651	-3,537
99,467	141,317	-3,398
99,500	141,154	-3,079
99,534	140,717	-2,541
99,567	140,371	-1,940
99,600	140,296	-1,298
99,634	140,059	-0,769
99,667	139,985	-0,303
99,700	139,970	0,253
99,734	139,534	1,205
99,767	139,261	1,795
99,800	139,228	2,540
99,834	138,971	3,061
99,867	139,227	3,420
99,900	139,206	3,980
99,934	139,177	4,714
99,967	139,147	2,874
100,000	139,207	5,830
100,034	138,980	6,693
100,067	139,090	7,281
100,100	139,198	7,105
100,134	139,200	8,494
100,167	138,886	8,864
100,200	138,995	10,421
100,234	139,103	11,942
100,267	139,280	10,669
100,300	139,438	8,548
100,334	139,868	11,140
100,367	139,580	11,665
100,400	139,851	12,551
100,433	140,223	13,329
100,467	139,776	12,995
100,500	140,102	14,721
100,533	140,550	12,846
100,567	140,576	12,851
100,600	140,829	12,613
100,633	141,089	12,370
100,667	141,290	12,164
100,700	141,686	11,933
100,733	141,619	12,069
100,767	141,922	11,742
100,800	142,227	11,255
100,833	142,544	10,727
100,867	142,687	10,239
100,900	143,223	9,326
100,933	143,402	8,519
100,967	143,641	7,932
101,000	144,147	7,541
101,033	144,613	6,853
101,067	145,233	6,180
101,100	145,618	5,627
101,133	145,819	5,268
101,167	146,329	5,261
101,200	146,781	4,356
101,233	147,477	3,485
101,267	147,422	2,997
101,300	147,864	2,366
101,333	148,626	2,559
101,367	149,382	2,068
101,400	149,912	0,918
101,433	150,489	0,433
101,467	151,203	-0,225
101,500	151,753	-0,658
101,533	152,116	-0,848
101,567	152,373	-1,216
101,600	152,267	-1,802
101,633	151,799	-2,137
101,667	151,275	-2,463
101,700	150,715	-2,736
101,733	149,901	-2,974
101,766	149,300	-3,139
101,800	148,848	-3,269
101,833	148,410	-3,460
101,866	147,782	-3,583
101,900	147,269	-3,595
101,933	146,848	-3,566
101,966	146,418	-3,547
102,000	146,185	-3,506
102,033	145,606	-3,347
102,066	145,491	-3,281
102,100	144,953	-3,123
102,133	144,562	-2,938
102,166	144,239	-2,680
102,200	143,869	-2,465
102,233	143,625	-2,170
102,266	143,200	-1,811
102,300	142,936	-1,477
102,333	142,757	-1,168
102,366	142,426	-0,725
102,400	142,161	-0,258
102,433	142,063	0,166
102,466	141,787	0,589
102,500	141,537	1,072
102,533	141,430	1,445
102,566	141,234	1,879
102,600	141,056	2,292
102,633	140,891	2,690
102,666	140,789	3,101
102,700	140,632	3,496
102,733	140,412	3,928
102,766	140,276	4,232
102,799	140,369	4,694
102,833	140,207	5,066
102,866	140,136	5,327
102,899	140,163	5,702
102,933	140,026	6,375
102,966	139,999	6,530
102,999	140,002	6,963
103,033	139,716	7,168
103,066	139,935	7,162
103,099	139,910	7,300
103,133	139,976	7,486
103,166	140,064	7,182
103,199	139,975	6,968
103,233	140,355	7,154
103,266	140,647	7,097
103,299	140,538	6,870
103,333	140,776	6,987
103,366	141,038	6,577
103,399	141,300	6,397
103,433	141,504	6,135
103,466	141,703	5,875
103,499	141,913	5,589
103,533	142,212	5,206
103,566	142,338	4,850
103,599	142,536	4,509
103,633	142,895	4,095
103,666	143,079	3,734
103,699	143,475	3,348
103,733	143,836	2,791
103,766	144,011	2,459
103,799	144,405	1,974
103,832	144,895	1,494
103,866	145,348	1,014
103,899	145,558	0,652
103,932	146,169	0,174
103,966	146,734	-0,283
103,999	147,005	-0,612
104,032	147,685	-1,081
104,066	148,096	-1,374
104,099	148,493	-1,682
104,132	149,329	-2,089
104,166	149,881	-2,381
104,199	150,427	-2,616
104,232	151,128	-2,873
104,266	151,915	-3,118
104,299	152,311	-3,184
104,332	153,024	-3,400
104,366	153,264	-3,425
104,399	153,222	-3,305
104,432	152,985	-3,298
104,466	152,679	-3,391
104,499	151,942	-3,179
104,532	151,199	-2,950
104,566	150,650	-2,689
104,599	150,364	-2,399
104,632	149,914	-2,080
104,666	149,325	-1,643
104,699	148,726	-1,146
104,732	148,199	-0,641
104,765	148,001	-0,112
104,799	147,707	0,452
104,832	147,155	1,173
104,865	146,950	1,761
104,899	146,463	2,465
104,932	146,142	3,228
104,965	145,576	4,007
104,999	145,191	4,724
105,032	145,089	5,422
105,065	144,722	6,152
105,099	144,282	6,907
105,132	144,073	7,676
105,165	143,792	8,422
105,199	143,491	9,073
105,232	143,281	9,768
105,265	142,956	10,156
105,299	142,633	10,743
105,332	142,708	11,532
105,365	142,477	12,082
105,399	142,103	12,493
105,432	141,961	12,927
105,465	141,605	13,272
105,499	141,377	13,551
105,532	141,316	13,749
105,565	141,224	13,982
105,599	141,394	14,186
105,632	141,140	14,219
105,665	141,077	14,249
105,699	141,079	14,239
105,732	140,776	14,068
105,765	141,044	13,969
105,798	140,962	13,773
105,832	140,983	13,513
105,865	141,094	13,160
105,898	140,978	12,713
105,932	141,008	12,243
105,965	141,073	11,756
105,998	141,195	11,179
106,032	141,440	10,609
106,065	141,661	10,020
106,098	141,659	9,365
106,132	141,787	8,632
106,165	142,039	7,972
106,198	142,238	7,258
106,232	142,501	6,510
106,265	142,751	5,685
106,298	143,011	4,957
106,332	143,263	4,190
106,365	143,553	3,426
106,398	143,870	2,719
106,432	144,159	2,006
106,465	144,399	1,382
106,498	144,846	0,750
106,532	145,135	0,138
106,565	145,342	-0,422
106,598	145,699	-0,950
106,632	146,134	-1,411
106,665	146,599	-1,899
106,698	147,254	-2,373
106,731	147,551	-2,699
106,765	147,934	-2,964
106,798	148,436	-3,219
106,831	149,097	-3,465
106,865	149,913	-3,662
106,898	150,222	-3,719
106,931	150,769	-3,724
106,965	151,561	-3,711
106,998	152,453	-3,675
107,031	152,673	-3,452
107,065	152,856	-3,349
107,098	152,811	-3,096
107,131	152,704	-2,762
107,165	152,402	-2,461
107,198	151,746	-2,029
107,231	151,299	-1,702
107,265	150,549	-1,192
107,298	150,263	-0,828
107,331	149,692	-0,381
107,365	149,163	0,122
107,398	148,662	0,464
107,431	148,178	0,970
107,465	147,706	1,608
107,498	147,369	2,070
107,531	146,847	2,662
107,565	146,410	3,187
107,631	145,892	4,071
107,665	145,511	4,524
107,698	145,277	4,991
107,731	144,828	5,359
107,765	144,740	5,777
107,798	144,344	6,160
107,831	144,553	6,486
107,864	144,301	6,772
107,898	143,931	7,215
107,931	143,695	7,468
107,964	143,565	7,460
107,998	142,916	7,535
108,031	143,065	7,707
108,064	142,984	7,750
108,098	142,737	7,762
108,131	142,417	7,759
108,164	142,480	7,720
108,198	142,268	7,692
108,231	142,194	7,474
108,264	142,148	7,395
108,298	142,022	7,139
108,331	141,895	6,880
108,364	141,826	6,606
108,398	141,778	6,314
108,431	141,724	5,900
108,464	141,742	5,569
108,498	141,734	5,122
108,531	141,739	4,806
108,564	141,787	4,307
108,598	141,789	3,834
108,631	141,897	3,357
108,664	141,974	2,829
108,698	142,038	2,358
108,731	142,145	1,766
108,764	142,267	1,444
108,798	142,396	0,944
108,831	142,588	0,465
108,864	142,801	-0,066
108,897	142,933	-0,453
108,931	143,039	-0,854
108,964	143,344	-1,381
108,997	143,635	-1,789
109,031	143,856	-2,162
109,064	144,143	-2,427
109,097	144,460	-2,862
109,131	144,858	-3,108
109,164	145,215	-3,447
109,197	145,379	-3,531
109,231	145,985	-3,921
109,264	146,243	-3,983
109,297	146,598	-4,027
109,331	147,025	-4,037
109,364	147,554	-4,095
109,397	148,066	-4,080
109,431	148,679	-4,031
109,464	149,005	-3,861
109,497	149,729	-3,799
109,531	150,232	-3,544
109,564	150,950	-3,410
109,597	151,352	-3,008
109,631	152,034	-2,752
109,664	152,723	-2,456
109,697	153,240	-2,128
109,731	153,478	-1,888
109,764	153,110	-1,419
109,797	153,244	-1,002
109,831	152,582	-0,356
109,864	152,091	0,193
109,897	151,629	0,734
109,930	151,334	1,308
109,964	150,525	2,041
109,997	150,353	2,614
110,030	149,758	3,349
110,064	149,278	4,109
110,097	148,914	4,825
110,130	148,673	5,507
110,164	148,184	6,218
110,197	147,707	6,972
110,230	147,320	7,603
110,264	146,941	8,263
110,297	146,661	9,023
110,330	146,378	9,729
110,364	145,848	10,398
110,397	145,667	11,074
110,430	145,296	11,606
110,464	144,997	12,118
110,497	144,794	12,636
110,530	144,336	13,024
110,564	144,237	13,465
110,597	143,960	13,792
110,630	143,759	14,206
110,664	143,464	14,229
110,697	143,385	14,561
110,730	143,039	14,601
110,764	142,957	14,692
110,797	142,987	14,658
110,830	142,604	14,573
110,863	142,678	14,468
110,897	142,534	14,185
110,930	142,474	13,916
110,963	142,407	13,518
110,997	142,440	13,197
111,030	142,430	12,861
111,063	142,413	12,369
111,097	142,303	11,873
111,130	142,231	11,349
111,163	142,590	10,656
111,197	142,632	9,976
111,230	142,676	9,403
111,263	142,790	8,662
111,297	142,873	8,062
111,330	142,982	7,378
111,363	143,143	6,635
111,397	143,320	5,881
111,430	143,321	5,313
111,463	143,692	4,589
111,497	143,877	3,805
111,530	144,112	3,076
111,563	144,405	2,344
111,597	144,552	1,703
111,630	144,917	1,012
111,663	145,172	0,447
111,697	145,429	0,069
111,730	145,762	-0,426
111,763	145,994	-0,931
111,797	146,286	-1,158
111,830	146,982	-1,804
111,863	147,338	-2,100
111,896	147,738	-2,395
111,930	148,168	-2,637
111,963	148,753	-2,886
111,996	148,904	-2,947
112,030	149,778	-3,009
112,063	150,361	-3,019
112,096	150,554	-2,918
112,130	151,455	-2,807
112,163	152,144	-2,604
112,196	152,350	-2,218
112,230	152,713	-1,908
112,263	152,988	-1,615
112,296	153,082	-1,084
112,330	152,808	-0,583
112,363	152,528	-0,268
112,396	152,047	0,260
112,430	151,531	0,526
112,463	151,029	1,042
112,496	150,547	1,587
112,530	150,138	2,076
112,563	149,658	2,566
112,596	149,127	3,061
112,630	148,630	3,606
112,663	148,330	4,154
112,696	147,777	4,571
112,730	147,418	5,150
112,763	147,307	5,520
112,796	146,805	5,926
112,829	146,525	6,322
112,863	146,183	6,731
112,896	145,892	7,060
112,929	145,595	7,382
112,963	145,363	7,684
112,996	145,105	7,986
113,029	144,876	8,215
113,063	144,466	8,213
113,096	143,899	8,427
113,129	143,541	8,555
113,163	143,672	8,428
113,196	143,052	8,652
113,229	143,060	8,717
113,263	143,224	8,556
113,296	143,506	8,608
113,329	143,507	8,460
113,363	143,058	7,990
113,396	142,994	7,794
113,429	142,891	7,419
113,463	142,666	6,800
113,496	142,877	6,592
113,529	142,878	6,430
113,563	143,013	5,778
113,596	142,656	5,613
113,629	142,697	5,111
113,663	142,953	4,419
113,729	142,979	3,466
113,763	143,029	2,731
113,796	142,643	2,285
113,829	142,967	1,965
113,863	142,814	1,388
113,896	143,297	0,591
113,929	143,511	0,461
113,963	143,722	-0,055
113,996	143,873	-0,560
114,029	144,062	-1,029
114,063	144,246	-1,426
114,096	144,565	-1,865
114,129	144,749	-2,195
114,162	145,092	-2,603
114,196	145,392	-2,867
114,229	145,658	-3,128
114,262	145,951	-3,460
114,296	146,382	-3,699
114,329	146,593	-3,831
114,362	147,107	-3,962
114,396	147,408	-3,968
114,429	147,792	-3,968
114,462	148,232	-3,951
114,496	148,748	-3,931
114,529	149,218	-4,164
114,562	149,728	-4,156
114,596	150,337	-4,249
114,629	150,873	-4,043
114,662	151,423	-3,691
114,696	151,946	-3,370
114,729	152,345	-3,084
114,762	152,530	-2,657
114,796	152,649	-2,350
114,829	152,419	-1,875
114,862	152,005	-1,247
114,895	151,549	-0,694
114,929	151,037	-0,110
114,962	150,610	0,459
114,996	150,182	1,294
115,029	149,773	1,927
115,062	149,381	2,626
115,095	148,974	3,393
115,129	148,565	4,144
115,162	148,144	4,912
115,195	147,928	5,588
115,229	147,650	6,367
115,262	147,247	7,257
115,295	146,921	8,029
115,329	146,595	8,804
115,362	146,288	9,574
115,395	146,018	10,302
115,429	145,708	10,906
115,462	145,511	11,612
115,495	145,223	12,194
115,529	145,032	12,712
115,562	144,772	13,237
115,595	144,500	13,731
115,629	144,183	14,093
115,662	144,184	14,499
115,695	143,933	14,785
115,729	143,776	14,977
115,762	143,673	15,226
115,795	143,431	15,188
115,829	143,327	15,199
115,862	143,300	15,128
115,895	143,368	15,101
115,929	143,195	14,836
115,962	143,142	14,585
115,995	143,163	14,299
116,029	143,241	14,000
116,062	143,157	13,529
116,095	143,140	13,091
116,128	143,193	12,529
116,162	143,388	11,957
116,195	143,450	11,405
116,228	143,644	10,847
116,262	143,713	10,102
116,295	143,915	9,365
116,328	143,989	8,649
116,362	144,218	7,968
116,395	144,584	7,354
116,428	144,701	6,547
116,462	144,698	5,626
116,495	144,951	4,842
116,528	145,201	4,078
116,562	145,485	3,313
116,595	145,765	2,558
116,628	146,080	1,800
116,662	146,392	1,121
116,695	146,646	0,479
116,728	147,142	-0,366
116,762	147,511	-0,935
116,795	147,972	-1,635
116,828	148,363	-2,157
116,862	148,804	-2,677
116,895	149,137	-3,033
116,928	149,746	-3,365
116,962	150,220	-3,661
116,995	150,501	-3,630
117,028	151,111	-3,788
117,061	151,551	-3,894
117,095	151,927	-3,914
117,128	152,356	-4,100
117,161	152,601	-4,068
117,195	152,454	-3,679
117,228	152,355	-3,531
117,261	151,912	-3,358
117,295	151,419	-3,108
117,328	151,022	-2,910
117,361	150,422	-2,513
117,395	149,993	-2,086
117,428	149,519	-1,630
117,461	149,193	-1,294
117,495	148,732	-0,815
117,528	148,574	-0,658
117,561	148,230	-0,150
117,595	147,651	0,635
117,628	147,326	1,163
117,661	147,031	1,697
117,695	146,797	2,210
117,728	146,526	2,771
117,761	146,299	3,303
117,795	146,071	3,804
117,828	145,854	4,291
117,861	145,573	4,696
117,895	145,433	5,135
117,928	145,301	5,594
117,961	145,117	5,918
117,995	144,941	6,382
118,028	144,835	6,646
118,061	144,694	7,022
118,094	144,536	7,286
118,128	144,446	7,515
118,161	144,384	7,746
118,194	144,385	7,984
118,228	144,442	8,158
118,261	144,336	8,250
118,294	144,272	8,249
118,328	144,259	8,286
118,361	144,309	8,182
118,394	144,256	8,208
118,428	144,326	8,146
118,461	144,315	7,963
118,494	144,454	7,835
118,528	144,489	7,530
118,561	144,538	7,276
118,594	144,719	6,943
118,628	144,760	6,510
118,661	144,951	6,180
118,694	144,997	5,706
118,728	145,305	5,319
118,761	145,497	4,890
118,794	145,716	4,523
118,828	145,912	4,011
118,861	146,032	3,573
118,894	146,250	3,063
118,928	146,583	2,567
118,961	146,920	2,056
118,994	147,244	1,570
119,028	147,592	1,051
119,061	147,787	0,582
119,094	148,169	0,125
119,127	148,419	-0,790
119,161	148,779	-1,220
119,194	149,238	-1,308
119,227	149,592	-1,615
119,261	149,922	-1,934
119,294	150,413	-2,210
119,327	150,903	-2,593
119,361	151,438	-2,821
119,394	152,070	-3,187
119,427	152,558	-3,414
119,461	152,633	-3,515
119,494	152,855	-3,718
119,527	152,610	-4,223
119,561	152,314	-4,226
119,594	152,114	-3,816
119,627	151,823	-3,761
119,661	151,246	-3,588
119,694	150,681	-3,355
119,727	150,066	-3,483
119,761	149,746	-3,179
119,794	149,427	-2,236
119,827	149,258	-1,853
119,861	148,874	-1,319
119,894	148,594	-0,780
119,927	148,269	-0,626
119,961	147,828	0,038
119,994	147,555	0,721
120,027	147,271	1,457
120,061	147,012	2,184
120,094	146,792	2,969
120,127	146,636	3,774
120,160	146,423	4,556
120,194	146,226	5,349
120,227	146,089	6,165
120,260	145,938	6,945
120,294	145,832	7,699
120,327	145,638	8,456
120,360	145,418	9,185
120,394	145,391	9,938
120,427	145,311	10,644
120,460	145,169	11,148
120,494	145,088	11,752
120,527	144,946	12,354
120,560	144,839	12,868
120,594	144,857	13,368
120,627	144,943	13,880
120,660	144,999	14,400
120,694	144,948	14,705
